19
9
0 21 22 3 39 40 6 14 13
9
0 23 24 7 44 43 3 22 21
9
0 19 20 10 62 61 7 24 23
9
0 17 18 8 67 68 10 20 19
9
0 15 16 4 51 52 8 18 17
9
0 13 14 6 48 47 4 16 15
9
1 27 28 5 57 58 6 26 25
9
1 29 30 11 60 59 5 28 27
9
1 31 32 3 41 42 11 30 29
9
1 25 26 6 40 39 3 32 31
9
2 33 34 9 46 45 4 36 35
18
2 37 38 6 58 57 5 55 56 8 65 66 12 70 69 9 34 33
9
2 35 36 4 47 48 6 38 37
9
3 43 44 7 63 64 11 42 41
9
4 49 50 12 66 65 8 52 51
9
4 45 46 9 69 70 12 50 49
9
5 53 54 10 68 67 8 56 55
9
5 59 60 11 72 71 10 54 53
9
7 61 62 10 71 72 11 64 63
