19
9
0 15 16 2 33 34 9 14 13
9
0 17 18 3 36 35 2 16 15
9
0 19 20 12 38 37 3 18 17
9
0 21 22 7 65 66 12 20 19
9
0 13 14 9 70 69 7 22 21
9
1 23 24 5 53 54 10 26 25
9
1 27 28 8 56 55 5 24 23
9
1 31 32 11 72 71 8 28 27
18
1 25 26 10 68 67 7 69 70 9 34 33 2 35 36 3 30 29
9
1 29 30 3 39 40 11 32 31
9
3 43 44 6 61 62 11 40 39
9
3 41 42 4 51 52 6 44 43
9
3 37 38 12 46 45 4 42 41
9
4 45 46 12 58 57 5 48 47
9
4 49 50 8 64 63 6 52 51
9
4 47 48 5 55 56 8 50 49
9
5 59 60 7 67 68 10 54 53
9
5 57 58 12 66 65 7 60 59
9
6 63 64 8 71 72 11 62 61
