19
9
0 17 18 3 41 42 10 14 13
9
0 21 22 1 29 30 3 18 17
9
0 19 20 5 26 25 1 22 21
9
0 15 16 12 54 53 5 20 19
9
0 13 14 10 71 72 12 16 15
9
1 23 24 2 37 38 4 28 27
9
1 25 26 5 36 35 2 24 23
9
1 31 32 6 40 39 3 30 29
9
1 27 28 4 49 50 6 32 31
9
2 33 34 11 44 43 4 38 37
9
2 35 36 5 51 52 11 34 33
9
3 39 40 6 55 56 10 42 41
9
4 45 46 9 58 57 6 50 49
9
4 47 48 8 69 70 9 46 45
18
4 43 44 11 52 51 5 53 54 12 64 63 7 67 68 8 48 47
9
6 59 60 7 61 62 10 56 55
9
6 57 58 9 66 65 7 60 59
9
7 63 64 12 72 71 10 62 61
9
7 65 66 9 70 69 8 68 67
