20
9
0 15 16 8 64 63 7 14 13
9
0 17 18 11 68 67 8 16 15
9
0 19 20 4 43 44 11 18 17
9
0 13 14 7 50 49 4 20 19
9
1 21 22 6 34 33 2 24 23
9
1 25 26 8 60 59 6 22 21
9
1 29 30 3 41 42 7 28 27
9
1 31 32 9 40 39 3 30 29
15
1 23 24 2 35 36 12 54 53 5 55 56 9 32 31
9
1 27 28 7 63 64 8 26 25
9
2 37 38 11 73 74 12 36 35
9
2 33 34 6 61 62 11 38 37
9
3 39 40 9 66 65 7 42 41
9
4 49 50 7 58 57 5 48 47
9
4 45 46 10 71 72 11 44 43
9
4 47 48 5 51 52 10 46 45
9
5 57 58 7 65 66 9 56 55
9
5 53 54 12 70 69 10 52 51
9
6 59 60 8 67 68 11 62 61
9
10 69 70 12 74 73 11 72 71
