19
9
0 15 16 6 57 58 10 14 13
18
0 19 20 11 34 33 2 31 32 7 46 45 4 41 42 6 16 15
9
0 17 18 12 72 71 11 20 19
9
0 13 14 10 69 70 12 18 17
9
1 21 22 5 49 50 10 26 25
9
1 23 24 7 48 47 5 22 21
9
1 27 28 9 64 63 7 24 23
9
1 25 26 10 68 67 9 28 27
9
2 29 30 8 62 61 7 32 31
9
2 33 34 11 66 65 8 30 29
9
3 37 38 6 42 41 4 36 35
9
3 39 40 9 60 59 6 38 37
9
3 35 36 4 43 44 9 40 39
9
4 45 46 7 63 64 9 44 43
9
5 47 48 7 61 62 8 52 51
9
5 55 56 12 70 69 10 50 49
9
5 53 54 11 71 72 12 56 55
9
5 51 52 8 65 66 11 54 53
9
6 59 60 9 67 68 10 58 57
