20
9
0 19 20 5 38 37 2 14 13
9
0 21 22 4 47 48 5 20 19
9
0 17 18 9 46 45 4 22 21
9
0 15 16 3 41 42 9 18 17
9
0 13 14 2 33 34 3 16 15
9
1 23 24 11 72 71 9 26 25
9
1 27 28 10 73 74 11 24 23
9
1 29 30 6 61 62 10 28 27
15
1 25 26 9 42 41 3 39 40 12 58 57 6 30 29
9
2 31 32 12 40 39 3 34 33
9
2 35 36 8 69 70 12 32 31
9
2 37 38 5 55 56 8 36 35
9
4 45 46 9 71 72 11 44 43
9
4 43 44 11 54 53 5 48 47
9
5 49 50 10 66 65 7 52 51
9
5 53 54 11 74 73 10 50 49
9
5 51 52 7 67 68 8 56 55
9
6 57 58 12 64 63 7 60 59
9
6 59 60 7 65 66 10 62 61
9
7 63 64 12 70 69 8 68 67
