20
9
0 15 16 4 32 31 2 14 13
15
0 19 20 12 56 55 5 51 52 8 46 45 4 16 15
9
0 17 18 1 23 24 12 20 19
9
0 21 22 10 28 27 1 18 17
9
0 13 14 2 33 34 10 22 21
9
1 27 28 10 72 71 9 26 25
9
1 25 26 9 69 70 12 24 23
9
2 29 30 11 74 73 10 34 33
9
2 31 32 4 47 48 11 30 29
9
3 35 36 7 63 64 11 38 37
9
3 43 44 6 57 58 7 36 35
9
3 39 40 8 60 59 6 44 43
9
3 41 42 4 45 46 8 40 39
9
3 37 38 11 48 47 4 42 41
9
5 53 54 9 66 65 7 50 49
9
5 55 56 12 70 69 9 54 53
9
5 49 50 7 61 62 8 52 51
9
6 59 60 8 62 61 7 58 57
9
7 65 66 9 67 68 11 64 63
9
9 71 72 10 73 74 11 68 67
