20
9
0 15 16 4 34 33 2 14 13
15
0 17 18 10 72 71 8 50 49 3 43 44 4 16 15
9
0 19 20 7 63 64 10 18 17
9
0 23 24 1 29 30 7 20 19
9
0 21 22 11 28 27 1 24 23
9
0 13 14 2 35 36 11 22 21
9
1 25 26 5 53 54 12 32 31
9
1 27 28 11 56 55 5 26 25
9
1 31 32 12 70 69 7 30 29
9
2 33 34 4 51 52 9 38 37
9
2 41 42 5 55 56 11 36 35
9
2 39 40 12 54 53 5 42 41
9
2 37 38 9 73 74 12 40 39
9
3 45 46 9 52 51 4 44 43
9
3 47 48 6 61 62 9 46 45
9
3 49 50 8 60 59 6 48 47
9
6 57 58 7 67 68 9 62 61
9
6 59 60 8 66 65 7 58 57
9
7 65 66 8 71 72 10 64 63
9
7 69 70 12 74 73 9 68 67
