21
9
1 15 16 3 31 32 14 18 17
18
1 17 18 14 74 73 9 70 69 8 48 47 4 41 42 13 22 21
9
1 21 22 13 26 25 2 20 19
9
1 19 20 2 23 24 3 16 15
9
2 25 26 13 76 75 10 28 27
9
2 27 28 10 40 39 3 24 23
9
3 39 40 10 56 55 5 38 37
9
3 37 38 5 53 54 11 36 35
9
3 35 36 11 62 61 6 34 33
9
3 33 34 6 57 58 9 30 29
9
3 29 30 9 73 74 14 32 31
9
4 47 48 8 71 72 11 46 45
9
4 45 46 11 77 78 12 44 43
9
4 43 44 12 79 80 13 42 41
9
5 49 50 12 78 77 11 54 53
9
5 55 56 10 68 67 7 52 51
9
5 51 52 7 63 64 12 50 49
9
6 61 62 11 72 71 8 60 59
9
6 59 60 8 69 70 9 58 57
9
7 67 68 10 75 76 13 66 65
9
7 65 66 13 80 79 12 64 63
