21
9
1 15 16 2 29 30 6 18 17
9
1 17 18 6 57 58 14 20 19
9
1 19 20 14 60 59 7 22 21
9
1 21 22 7 63 64 10 24 23
9
1 23 24 10 32 31 2 16 15
9
2 31 32 10 42 41 4 28 27
9
2 27 28 4 38 37 3 26 25
9
2 25 26 3 33 34 6 30 29
18
3 37 38 4 39 40 7 67 68 12 76 75 11 74 73 9 36 35
9
3 35 36 9 56 55 6 34 33
9
4 41 42 10 64 63 7 40 39
9
5 47 48 6 55 56 9 44 43
9
5 43 44 9 73 74 11 46 45
9
5 45 46 11 75 76 12 50 49
9
5 49 50 12 77 78 13 52 51
9
5 51 52 13 79 80 14 54 53
9
5 53 54 14 58 57 6 48 47
9
7 59 60 14 80 79 13 62 61
9
7 61 62 13 70 69 8 66 65
9
7 65 66 8 71 72 12 68 67
9
8 69 70 13 78 77 12 72 71
