18
9
1 13 14 4 45 46 7 16 15
9
1 15 16 7 57 58 8 22 21
9
1 21 22 8 32 31 2 20 19
9
1 19 20 2 23 24 6 18 17
9
1 17 18 6 42 41 4 14 13
9
2 31 32 8 40 39 3 30 29
9
2 29 30 3 37 38 10 28 27
9
2 27 28 10 52 51 5 26 25
9
2 25 26 5 47 48 6 24 23
9
3 39 40 8 58 57 7 36 35
9
3 35 36 7 55 56 12 34 33
9
3 33 34 12 68 67 10 38 37
9
4 41 42 6 53 54 11 44 43
15
4 43 44 11 62 61 9 63 64 12 56 55 7 46 45
9
5 51 52 10 65 66 11 50 49
9
5 49 50 11 54 53 6 48 47
9
9 61 62 11 66 65 10 60 59
9
9 59 60 10 67 68 12 64 63
