20
9
1 14 15 13 69 68 9 17 16
15
1 16 17 9 27 26 2 28 29 12 73 72 10 23 22
9
1 22 23 10 49 48 5 21 20
9
1 20 21 5 50 51 6 19 18
9
1 18 19 6 52 53 13 15 14
9
2 24 25 8 62 63 12 29 28
9
2 26 27 9 61 60 8 25 24
9
3 30 31 13 53 52 6 37 36
9
3 36 37 6 41 40 4 39 38
9
3 38 39 4 42 43 11 35 34
9
3 34 35 11 67 66 8 33 32
9
3 32 33 8 64 65 13 31 30
9
4 40 41 6 51 50 5 47 46
9
4 46 47 5 48 49 10 45 44
9
4 44 45 10 70 71 11 43 42
9
7 54 55 12 63 62 8 57 56
9
7 56 57 8 66 67 11 59 58
9
7 58 59 11 74 75 12 55 54
9
8 60 61 9 68 69 13 65 64
9
10 72 73 12 75 74 11 71 70
