24
9
1 16 17 7 63 62 6 23 22
9
1 22 23 6 47 46 4 25 24
9
1 24 25 4 48 49 9 21 20
9
1 20 21 9 76 77 10 19 18
9
1 18 19 10 69 68 7 17 16
15
2 28 29 3 42 43 7 68 69 10 82 83 14 33 32
9
2 32 33 14 88 89 15 31 30
9
2 30 31 15 87 86 12 35 34
9
2 34 35 12 85 84 11 37 36
9
2 36 37 11 75 74 8 27 26
9
2 26 27 8 39 38 3 29 28
9
3 38 39 8 72 73 13 41 40
9
3 40 41 13 71 70 7 43 42
9
4 46 47 6 64 65 12 45 44
9
4 44 45 12 86 87 15 51 50
9
4 50 51 15 81 80 9 49 48
9
5 58 59 8 74 75 11 61 60
9
5 60 61 11 67 66 6 53 52
9
5 52 53 6 62 63 7 55 54
9
5 54 55 7 70 71 13 57 56
9
5 56 57 13 73 72 8 59 58
9
6 66 67 11 84 85 12 65 64
9
9 80 81 15 89 88 14 79 78
9
9 78 79 14 83 82 10 77 76
