18
9
1 13 14 9 46 45 5 16 15
9
1 15 16 5 49 50 10 24 23
9
1 23 24 10 67 68 11 18 17
9
1 17 18 11 54 53 6 20 19
9
1 19 20 6 57 58 12 22 21
9
1 21 22 12 66 65 9 14 13
9
2 29 30 9 65 66 12 32 31
9
2 31 32 12 58 57 6 34 33
15
2 33 34 6 55 56 8 52 51 5 44 43 4 28 27
9
2 27 28 4 41 42 7 26 25
9
2 25 26 7 59 60 9 30 29
9
3 39 40 7 42 41 4 38 37
9
3 37 38 4 43 44 5 36 35
9
3 35 36 5 47 48 7 40 39
9
5 51 52 8 63 64 10 50 49
9
5 45 46 9 60 59 7 48 47
9
6 53 54 11 62 61 8 56 55
9
8 61 62 11 68 67 10 64 63
