20
9
1 14 15 5 48 49 6 21 20
9
1 20 21 6 58 59 11 23 22
9
1 22 23 11 27 26 2 19 18
9
1 18 19 2 24 25 9 17 16
9
1 16 17 9 47 46 5 15 14
9
2 26 27 11 35 34 3 29 28
9
2 28 29 3 38 39 13 31 30
9
2 30 31 13 45 44 4 33 32
15
2 32 33 4 42 43 10 53 52 5 46 47 9 25 24
9
3 34 35 11 69 68 8 37 36
9
3 36 37 8 70 71 13 39 38
9
4 40 41 12 73 72 10 43 42
9
4 44 45 13 75 74 12 41 40
9
5 52 53 10 63 62 7 51 50
9
5 50 51 7 61 60 6 49 48
9
6 56 57 8 68 69 11 59 58
9
6 60 61 7 64 65 12 55 54
9
6 54 55 12 67 66 8 57 56
9
7 62 63 10 72 73 12 65 64
9
8 66 67 12 74 75 13 71 70
