25
9
1 17 18 7 69 70 8 20 19
18
1 19 20 8 75 76 9 58 57 5 55 56 6 63 64 11 26 25
9
1 25 26 11 79 80 12 24 23
9
1 23 24 12 81 82 14 22 21
9
1 21 22 14 72 71 7 18 17
9
2 29 30 3 37 38 15 32 31
9
2 31 32 15 54 53 5 34 33
9
2 33 34 5 57 58 9 36 35
9
2 35 36 9 77 78 10 28 27
9
2 27 28 10 42 41 3 30 29
9
3 43 44 4 45 46 13 40 39
9
3 39 40 13 87 88 15 38 37
9
3 41 42 10 52 51 4 44 43
9
4 49 50 7 71 72 14 48 47
9
4 47 48 14 90 89 13 46 45
9
4 51 52 10 68 67 7 50 49
9
5 53 54 15 60 59 6 56 55
9
6 59 60 15 93 94 16 66 65
9
6 65 66 16 86 85 12 62 61
9
6 61 62 12 80 79 11 64 63
9
7 67 68 10 74 73 8 70 69
9
8 73 74 10 78 77 9 76 75
9
12 85 86 16 92 91 13 84 83
9
12 83 84 13 89 90 14 82 81
9
13 91 92 16 94 93 15 88 87
