19
9
1 14 15 2 34 35 4 19 18
9
1 18 19 4 46 47 12 21 20
9
1 20 21 12 71 70 10 25 24
9
1 24 25 10 51 50 5 23 22
18
1 22 23 5 54 55 13 73 72 11 69 68 9 57 56 6 17 16
9
1 16 17 6 33 32 2 15 14
9
2 32 33 6 56 57 9 29 28
9
2 28 29 9 41 40 3 27 26
9
2 26 27 3 42 43 7 31 30
9
2 30 31 7 60 61 10 37 36
9
2 36 37 10 49 48 4 35 34
9
3 40 41 9 68 69 11 39 38
9
3 38 39 11 72 73 13 45 44
9
3 44 45 13 59 58 7 43 42
9
4 48 49 10 70 71 12 47 46
9
5 50 51 10 65 64 8 53 52
9
5 52 53 8 66 67 13 55 54
9
7 58 59 13 67 66 8 63 62
9
7 62 63 8 64 65 10 61 60
