19
9
1 14 15 8 64 65 9 17 16
18
1 16 17 9 68 69 13 73 72 11 37 36 3 34 35 10 19 18
9
1 18 19 10 70 71 12 21 20
9
1 20 21 12 63 62 7 23 22
9
1 22 23 7 60 61 8 15 14
9
2 26 27 4 44 45 10 29 28
9
2 28 29 10 35 34 3 31 30
9
2 30 31 3 36 37 11 33 32
9
2 32 33 11 53 52 5 25 24
9
2 24 25 5 43 42 4 27 26
9
4 38 39 8 66 67 12 49 48
9
4 48 49 12 59 58 6 47 46
9
4 46 47 6 56 57 10 45 44
9
4 42 43 5 54 55 9 41 40
9
4 40 41 9 65 64 8 39 38
9
5 52 53 11 72 73 13 51 50
9
5 50 51 13 69 68 9 55 54
9
6 58 59 12 71 70 10 57 56
9
7 62 63 12 67 66 8 61 60
