19
9
1 14 15 5 50 51 6 21 20
9
1 20 21 6 56 57 7 19 18
18
1 18 19 7 60 61 8 45 44 4 46 47 11 72 73 12 17 16
9
1 16 17 12 49 48 5 15 14
9
2 30 31 3 40 41 8 29 28
9
2 28 29 8 61 60 7 25 24
9
2 24 25 7 57 56 6 23 22
9
2 22 23 6 58 59 13 27 26
9
2 26 27 13 37 36 3 31 30
9
3 34 35 5 52 53 10 33 32
9
3 32 33 10 65 64 9 39 38
9
3 38 39 9 63 62 8 41 40
9
3 36 37 13 55 54 5 35 34
9
4 44 45 8 62 63 9 43 42
9
4 42 43 9 66 67 11 47 46
9
5 48 49 12 69 68 10 53 52
9
5 54 55 13 59 58 6 51 50
9
9 64 65 10 70 71 11 67 66
9
10 68 69 12 73 72 11 71 70
