25
9
1 17 18 3 39 40 15 24 23
9
1 23 24 15 56 55 5 22 21
9
1 21 22 5 51 52 10 20 19
9
1 19 20 10 38 37 3 18 17
9
2 25 26 7 69 70 9 32 31
9
2 31 32 9 75 76 14 30 29
9
2 29 30 14 93 94 15 28 27
9
2 27 28 15 68 67 7 26 25
18
3 37 38 10 44 43 4 45 46 11 85 86 16 62 61 6 36 35
9
3 35 36 6 63 64 7 34 33
9
3 33 34 7 67 68 15 40 39
9
4 41 42 5 53 54 13 50 49
9
4 49 50 13 74 73 8 48 47
9
4 47 48 8 71 72 11 46 45
9
4 43 44 10 52 51 5 42 41
9
5 55 56 15 94 93 14 58 57
9
5 57 58 14 92 91 13 54 53
9
6 61 62 16 88 87 12 60 59
9
6 59 60 12 66 65 7 64 63
9
7 65 66 12 82 81 9 70 69
9
8 73 74 13 84 83 11 72 71
9
9 77 78 13 91 92 14 76 75
9
9 81 82 12 87 88 16 80 79
9
9 79 80 16 90 89 13 78 77
9
11 83 84 13 89 90 16 86 85
