26
9
1 17 18 9 64 63 6 26 25
9
1 25 26 6 57 58 15 24 23
9
1 23 24 15 70 69 7 22 21
9
1 21 22 7 54 53 5 20 19
9
1 19 20 5 51 52 9 18 17
15
2 29 30 10 50 49 5 55 56 13 86 85 11 32 31
9
2 31 32 11 81 82 14 28 27
9
2 27 28 14 80 79 10 30 29
9
3 33 34 7 65 66 8 36 35
9
3 35 36 8 73 74 16 40 39
9
3 39 40 16 94 93 13 38 37
9
3 37 38 13 68 67 7 34 33
9
4 43 44 6 59 60 11 46 45
9
4 45 46 11 87 88 12 48 47
9
4 47 48 12 89 90 15 42 41
9
4 41 42 15 58 57 6 44 43
9
5 53 54 7 67 68 13 56 55
9
5 49 50 10 76 75 9 52 51
9
6 61 62 14 82 81 11 60 59
9
6 63 64 9 77 78 14 62 61
9
7 69 70 15 72 71 8 66 65
9
8 71 72 15 95 96 16 74 73
9
9 75 76 10 79 80 14 78 77
9
11 83 84 16 92 91 12 88 87
9
11 85 86 13 93 94 16 84 83
9
12 91 92 16 96 95 15 90 89
