19
9
1 14 15 11 72 73 13 19 18
18
1 18 19 13 53 52 6 48 49 7 47 46 5 31 30 3 17 16
9
1 16 17 3 32 33 11 15 14
9
2 20 21 3 30 31 5 25 24
9
2 24 25 5 44 45 12 27 26
9
2 26 27 12 71 70 10 23 22
9
2 22 23 10 29 28 3 21 20
9
3 28 29 10 68 69 11 33 32
9
4 40 41 10 70 71 12 43 42
9
4 42 43 12 57 56 7 35 34
9
4 34 35 7 49 48 6 37 36
9
4 36 37 6 54 55 8 39 38
9
4 38 39 8 60 61 10 41 40
9
5 46 47 7 56 57 12 45 44
9
6 52 53 13 63 62 9 51 50
9
6 50 51 9 59 58 8 55 54
9
8 58 59 9 64 65 10 61 60
9
9 62 63 13 73 72 11 67 66
9
9 66 67 11 69 68 10 65 64
