19
9
1 14 15 5 52 53 9 19 18
9
1 18 19 9 29 28 3 21 20
9
1 20 21 3 25 24 2 23 22
9
1 22 23 2 26 27 6 17 16
9
1 16 17 6 51 50 5 15 14
9
2 24 25 3 34 35 6 27 26
18
3 30 31 13 65 64 8 68 69 12 63 62 7 60 61 11 37 36
9
3 36 37 11 43 42 4 33 32
9
3 32 33 4 38 39 6 35 34
9
3 28 29 9 70 71 13 31 30
9
4 42 43 11 61 60 7 41 40
9
4 40 41 7 57 56 6 39 38
9
5 50 51 6 54 55 10 49 48
9
5 48 49 10 67 66 8 47 46
9
5 46 47 8 64 65 13 45 44
9
5 44 45 13 71 70 9 53 52
9
6 56 57 7 62 63 12 59 58
9
6 58 59 12 73 72 10 55 54
9
8 66 67 10 72 73 12 69 68
