19
9
1 14 15 5 46 47 7 19 18
9
1 18 19 7 62 63 13 21 20
9
1 20 21 13 65 64 8 23 22
18
1 22 23 8 66 67 12 71 70 11 37 36 3 27 26 2 17 16
9
1 16 17 2 30 31 5 15 14
9
2 26 27 3 32 33 4 25 24
9
2 24 25 4 40 41 10 29 28
9
2 28 29 10 45 44 5 31 30
9
3 36 37 11 69 68 9 35 34
9
3 34 35 9 39 38 4 33 32
9
4 38 39 9 59 58 7 43 42
9
4 42 43 7 56 57 10 41 40
9
5 44 45 10 57 56 7 47 46
9
6 52 53 9 68 69 11 51 50
9
6 50 51 11 70 71 12 49 48
9
6 48 49 12 61 60 7 55 54
9
6 54 55 7 58 59 9 53 52
9
7 60 61 12 72 73 13 63 62
9
8 64 65 13 73 72 12 67 66
