21
9
1 15 16 2 27 28 8 18 17
9
1 17 18 8 65 66 11 22 21
9
1 21 22 11 72 71 10 20 19
9
1 19 20 10 24 23 2 16 15
9
2 23 24 10 54 53 6 26 25
18
2 25 26 6 42 41 4 39 40 14 64 63 7 59 60 8 28 27
9
3 31 32 14 40 39 4 30 29
9
3 29 30 4 41 42 6 34 33
9
3 33 34 6 55 56 9 36 35
9
3 35 36 9 67 68 12 38 37
9
3 37 38 12 77 78 14 32 31
9
5 43 44 10 69 70 13 46 45
9
5 45 46 13 76 75 12 52 51
9
5 51 52 12 68 67 9 50 49
9
5 49 50 9 56 55 6 48 47
9
5 47 48 6 53 54 10 44 43
9
7 61 62 13 74 73 11 58 57
9
7 57 58 11 66 65 8 60 59
9
7 63 64 14 80 79 13 62 61
9
10 71 72 11 73 74 13 70 69
9
12 75 76 13 79 80 14 78 77
