25
9
1 17 18 13 52 51 5 20 19
9
1 19 20 5 57 58 10 24 23
9
1 23 24 10 79 80 12 22 21
9
1 21 22 12 83 84 13 18 17
9
2 31 32 13 84 83 12 30 29
9
2 29 30 12 85 86 14 28 27
9
2 27 28 14 91 92 16 26 25
9
2 25 26 16 88 87 13 32 31
9
3 35 36 15 50 49 4 42 41
9
3 41 42 4 45 46 6 40 39
9
3 39 40 6 54 53 5 38 37
9
3 37 38 5 51 52 13 34 33
9
3 33 34 13 89 90 15 36 35
9
4 43 44 5 53 54 6 46 45
18
4 49 50 15 66 65 8 69 70 9 73 74 11 62 61 7 48 47
9
4 47 48 7 56 55 5 44 43
9
5 55 56 7 63 64 10 58 57
9
7 61 62 11 81 82 14 60 59
9
7 59 60 14 78 77 10 64 63
9
8 67 68 16 76 75 9 70 69
9
8 65 66 15 93 94 16 68 67
9
9 71 72 14 82 81 11 74 73
9
9 75 76 16 92 91 14 72 71
9
10 77 78 14 86 85 12 80 79
9
13 87 88 16 94 93 15 90 89
