23
9
1 15 16 11 62 61 6 20 19
9
1 19 20 6 57 58 8 22 21
9
1 21 22 8 71 72 10 24 23
9
1 23 24 10 80 79 9 18 17
9
1 17 18 9 73 74 11 16 15
9
2 29 30 3 37 38 12 28 27
9
2 27 28 12 78 77 9 26 25
9
2 25 26 9 79 80 10 32 31
9
2 31 32 10 40 39 3 30 29
9
3 33 34 14 84 83 12 38 37
9
3 39 40 10 72 71 8 36 35
9
3 35 36 8 69 70 14 34 33
9
4 45 46 11 81 82 13 48 47
9
4 47 48 13 50 49 5 44 43
9
4 43 44 5 55 56 6 42 41
9
4 41 42 6 61 62 11 46 45
9
5 49 50 13 64 63 7 52 51
9
5 51 52 7 65 66 14 54 53
9
5 53 54 14 60 59 6 56 55
9
6 59 60 14 70 69 8 58 57
12
7 63 64 13 76 75 9 77 78 12 68 67
9
7 67 68 12 83 84 14 66 65
9
9 75 76 13 82 81 11 74 73
