26
9
1 18 19 5 60 61 7 21 20
9
1 20 21 7 74 75 15 23 22
9
1 22 23 15 96 97 16 27 26
9
1 26 27 16 98 99 17 25 24
9
1 24 25 17 63 62 5 19 18
12
2 28 29 5 62 63 17 69 68 6 33 32
9
2 32 33 6 64 65 13 31 30
9
2 30 31 13 57 56 5 29 28
9
3 34 35 10 88 89 14 43 42
9
3 42 43 14 91 90 11 41 40
9
3 40 41 11 73 72 7 39 38
9
3 38 39 7 70 71 9 37 36
9
3 36 37 9 84 85 10 35 34
9
4 46 47 6 68 69 17 53 52
9
4 52 53 17 99 98 16 55 54
9
4 54 55 16 93 92 11 49 48
9
4 48 49 11 90 91 14 51 50
9
4 50 51 14 95 94 12 45 44
9
4 44 45 12 67 66 6 47 46
9
5 56 57 13 65 64 6 59 58
18
5 58 59 6 66 67 12 87 86 10 85 84 9 71 70 7 61 60
9
7 72 73 11 79 78 8 77 76
9
7 76 77 8 80 81 15 75 74
9
8 78 79 11 92 93 16 83 82
9
8 82 83 16 97 96 15 81 80
9
10 86 87 12 94 95 14 89 88
