25
9
1 17 18 11 87 88 12 20 19
9
1 19 20 12 40 39 3 22 21
9
1 21 22 3 41 42 14 24 23
9
1 23 24 14 86 85 10 26 25
9
1 25 26 10 44 43 4 28 27
9
1 27 28 4 47 48 11 18 17
9
2 35 36 4 45 46 9 34 33
9
2 33 34 9 81 82 15 32 31
9
2 31 32 15 70 69 7 30 29
9
2 29 30 7 71 72 16 38 37
9
2 37 38 16 50 49 4 36 35
9
3 39 40 12 91 92 14 42 41
9
4 43 44 10 84 83 9 46 45
9
4 49 50 16 94 93 13 52 51
9
4 51 52 13 90 89 11 48 47
9
5 55 56 15 82 81 9 60 59
9
5 59 60 9 83 84 10 58 57
9
5 57 58 10 64 63 6 54 53
9
5 53 54 6 61 62 15 56 55
9
6 63 64 10 85 86 14 66 65
9
6 65 66 14 92 91 12 68 67
18
6 67 68 12 74 73 8 79 80 16 72 71 7 69 70 15 62 61
9
8 73 74 12 88 87 11 76 75
9
8 75 76 11 89 90 13 78 77
9
8 77 78 13 93 94 16 80 79
