19
9
0 15 16 8 36 35 3 14 13
9
0 17 18 6 57 58 8 16 15
9
0 13 14 3 41 42 6 18 17
9
1 21 22 10 69 70 12 20 19
9
1 23 24 9 50 49 5 26 25
18
1 25 26 5 34 33 2 29 30 4 47 48 8 63 64 10 22 21
9
1 19 20 12 68 67 9 24 23
9
2 27 28 11 44 43 4 30 29
9
2 31 32 9 65 66 11 28 27
9
2 33 34 5 49 50 9 32 31
9
3 35 36 8 48 47 4 38 37
9
3 39 40 7 52 51 6 42 41
9
3 37 38 4 45 46 7 40 39
9
4 43 44 11 62 61 7 46 45
9
6 51 52 7 61 62 11 56 55
9
6 53 54 12 70 69 10 60 59
9
6 59 60 10 64 63 8 58 57
9
6 55 56 11 71 72 12 54 53
9
9 67 68 12 72 71 11 66 65
