18
9
0 15 16 3 33 34 8 14 13
9
0 19 20 6 38 37 3 16 15
9
0 17 18 4 47 48 6 20 19
9
0 13 14 8 46 45 4 18 17
9
1 21 22 11 64 63 9 26 25
9
1 23 24 10 65 66 11 22 21
9
1 27 28 5 49 50 10 24 23
9
1 25 26 9 52 51 5 28 27
9
2 29 30 12 58 57 7 32 31
12
2 31 32 7 59 60 9 61 62 12 30 29
18
3 35 36 7 57 58 12 68 67 10 50 49 5 53 54 8 34 33
9
3 37 38 6 55 56 7 36 35
9
4 39 40 7 56 55 6 48 47
9
4 45 46 8 54 53 5 44 43
9
4 41 42 9 60 59 7 40 39
9
4 43 44 5 51 52 9 42 41
9
9 63 64 11 69 70 12 62 61
9
10 67 68 12 70 69 11 66 65
