27
6
1 19 18 60 14 22
6
1 22 14 58 13 21
6
1 21 13 37 5 20
6
1 20 5 36 18 19
6
2 26 13 52 9 24
6
2 24 9 54 15 23
6
2 23 15 47 8 25
6
2 25 8 48 13 26
6
3 27 15 56 11 28
16
3 28 11 57 12 55 10 43 6 42 18 36 5 39 16 30
6
3 30 16 50 8 29
6
3 29 8 47 15 27
6
4 35 7 44 15 31
6
4 31 15 54 9 32
6
4 32 9 53 10 33
6
4 33 10 55 12 34
6
4 34 12 46 7 35
6
5 37 13 59 17 38
6
5 38 17 61 16 39
6
6 41 9 51 14 40
6
6 40 14 60 18 42
6
6 43 10 53 9 41
6
7 45 11 56 15 44
6
7 46 12 57 11 45
6
8 50 16 61 17 49
6
8 49 17 59 13 48
6
9 52 13 58 14 51
