32
6
1 21 14 47 7 23
6
1 23 7 48 19 24
14
1 24 19 70 17 69 16 34 4 36 11 32 3 22
6
1 22 3 30 14 21
6
2 28 6 46 9 29
6
2 29 9 53 20 27
6
2 27 20 52 8 25
6
2 25 8 51 13 26
6
2 26 13 43 6 28
6
3 32 11 58 18 31
6
3 31 18 67 14 30
6
4 33 5 42 20 35
6
4 35 20 53 9 38
6
4 38 9 54 15 37
6
4 37 15 59 11 36
6
4 34 16 39 5 33
6
5 41 8 52 20 42
6
5 39 16 61 12 40
6
5 40 12 50 8 41
6
6 44 18 68 15 45
6
6 45 15 54 9 46
6
6 43 13 65 18 44
6
7 49 10 55 19 48
6
7 47 14 57 10 49
6
8 50 12 63 13 51
6
10 56 17 70 19 55
6
10 57 14 66 17 56
6
11 59 15 68 18 58
6
12 61 16 69 17 60
6
12 60 17 66 14 62
6
12 62 14 64 13 63
6
13 64 14 67 18 65
