27
6
1 19 7 43 11 20
6
1 20 11 33 4 21
6
1 21 4 29 3 22
6
1 22 3 32 7 19
6
2 23 18 60 16 24
6
2 24 16 37 5 25
6
2 25 5 40 6 28
6
2 28 6 41 13 27
6
2 27 13 56 17 26
6
2 26 17 61 18 23
6
3 29 4 36 17 30
6
3 30 17 50 9 31
6
3 31 9 44 7 32
6
4 33 11 55 12 34
6
4 34 12 53 10 35
6
4 35 10 54 17 36
6
5 37 16 59 15 38
6
5 38 15 58 14 39
6
5 39 14 42 6 40
6
6 42 14 57 13 41
16
7 44 9 51 14 58 15 59 16 46 8 48 12 55 11 43
6
8 46 16 60 18 45
6
8 45 18 52 10 47
6
8 47 10 53 12 48
6
9 49 13 57 14 51
6
9 50 17 56 13 49
6
10 52 18 61 17 54
