40
6
1 25 22 86 24 27
6
1 27 24 85 20 28
6
1 28 20 72 13 26
6
1 26 13 71 22 25
6
2 31 19 65 10 30
6
2 30 10 63 20 29
6
2 29 20 84 19 31
6
3 33 14 76 18 35
6
3 35 18 58 8 34
6
3 34 8 47 6 32
6
3 32 6 49 14 33
6
4 36 22 81 17 39
6
4 39 17 79 15 40
6
4 40 15 78 21 41
6
4 41 21 62 9 38
6
4 38 9 60 24 37
6
4 37 24 86 22 36
6
5 44 7 55 11 46
6
5 46 11 66 18 45
6
5 45 18 82 21 42
6
5 42 21 80 16 43
6
5 43 16 52 7 44
6
6 47 8 57 12 48
6
6 48 12 69 19 51
6
6 51 19 84 20 50
6
6 50 20 75 14 49
6
7 54 8 59 23 56
6
7 56 23 67 11 55
6
7 52 16 68 12 53
6
7 53 12 57 8 54
6
8 58 18 83 23 59
6
9 62 21 74 14 61
6
9 61 14 73 24 60
14
10 65 19 69 12 68 16 77 15 79 17 70 13 64
6
10 64 13 72 20 63
6
11 67 23 83 18 66
6
13 70 17 81 22 71
6
14 74 21 82 18 76
6
14 75 20 85 24 73
6
15 77 16 80 21 78
