35
6
1 22 14 56 9 24
6
1 24 9 26 2 25
6
1 25 2 29 11 23
6
1 23 11 61 14 22
6
2 26 9 55 13 27
6
2 27 13 58 10 28
6
2 28 10 57 11 29
6
3 30 7 46 8 31
6
3 31 8 52 18 32
6
3 32 18 53 9 35
6
3 35 9 54 21 33
6
3 33 21 72 16 34
6
3 34 16 50 7 30
6
4 36 21 75 20 37
6
4 37 20 49 7 39
6
4 39 7 50 16 38
6
4 38 16 72 21 36
6
5 42 15 63 12 40
6
5 40 12 62 20 41
12
5 41 20 68 14 61 11 60 19 71 15 42
6
6 45 14 67 21 44
6
6 44 21 54 9 43
6
6 43 9 56 14 45
6
7 48 12 63 15 47
6
7 47 15 51 8 46
6
7 49 20 62 12 48
6
8 51 15 69 18 52
6
9 53 18 64 13 55
6
10 58 13 66 19 59
6
10 59 19 60 11 57
6
13 64 18 73 17 65
6
13 65 17 74 19 66
6
14 68 20 75 21 67
6
15 71 19 74 17 70
6
15 70 17 73 18 69
