30
6
1 21 16 54 9 22
6
1 22 9 58 15 25
6
1 25 15 64 13 24
6
1 24 13 47 6 23
6
1 23 6 40 5 26
6
1 26 5 44 16 21
6
2 30 12 60 10 28
6
2 28 10 59 18 27
6
2 27 18 48 7 29
6
2 29 7 50 14 31
6
2 31 14 63 12 30
6
3 36 16 66 19 37
6
3 37 19 68 20 34
6
3 34 20 39 4 32
6
3 32 4 38 17 33
6
3 33 17 61 11 35
6
3 35 11 62 16 36
18
4 39 20 68 19 67 18 59 10 46 6 47 13 57 9 56 17 38
6
5 40 6 45 12 41
6
5 41 12 53 8 42
6
5 42 8 51 7 43
6
5 43 7 49 16 44
6
6 46 10 60 12 45
6
7 48 18 65 16 49
6
7 51 8 52 14 50
6
8 53 12 63 14 52
6
9 57 13 64 15 58
6
9 54 16 62 11 55
6
9 55 11 61 17 56
6
16 65 18 67 19 66
