28
6
1 19 11 53 14 20
6
1 20 14 49 9 21
6
1 21 9 47 11 19
6
2 25 7 41 9 24
6
2 24 9 49 14 23
6
2 23 14 59 17 22
6
2 22 17 42 7 25
6
3 29 18 36 5 28
6
3 28 5 34 10 26
6
3 26 10 50 16 27
14
3 27 16 61 15 37 6 38 14 46 8 43 18 29
6
4 33 10 51 12 32
6
4 32 12 55 13 30
6
4 30 13 57 16 31
6
4 31 16 50 10 33
6
5 35 12 51 10 34
6
5 36 18 54 12 35
6
6 37 15 60 14 38
6
7 39 13 55 12 40
6
7 40 12 48 9 41
6
7 42 17 58 13 39
6
8 45 11 52 12 44
6
8 44 12 54 18 43
6
8 46 14 53 11 45
6
9 48 12 52 11 47
6
13 58 17 62 15 56
6
13 56 15 61 16 57
6
14 60 15 62 17 59
