36
6
1 24 13 73 22 25
6
1 25 22 80 21 27
6
1 27 21 44 5 26
6
1 26 5 42 13 24
6
2 30 17 78 21 28
6
2 28 21 80 22 29
18
2 29 22 73 13 72 16 76 19 63 10 35 3 32 20 77 17 30
6
3 31 8 54 20 32
6
3 35 10 61 18 34
6
3 34 18 79 23 33
6
3 33 23 55 8 31
6
4 37 15 66 11 38
6
4 38 11 65 20 39
6
4 39 20 54 8 36
6
4 36 8 56 15 37
6
5 44 21 48 6 43
6
5 43 6 45 15 41
6
5 41 15 57 9 40
6
5 40 9 58 13 42
6
6 48 21 78 17 47
6
6 47 17 74 14 46
6
6 46 14 75 15 45
6
7 50 23 79 18 49
6
7 49 18 68 12 53
6
7 53 12 69 15 52
6
7 52 15 56 8 51
6
7 51 8 55 23 50
6
9 57 15 69 12 60
6
9 60 12 71 16 59
6
9 59 16 72 13 58
6
10 63 19 70 12 62
6
10 62 12 68 18 61
6
11 66 15 75 14 67
6
11 67 14 74 17 64
6
11 64 17 77 20 65
6
12 70 19 76 16 71
