44
6
1 28 10 66 17 29
6
1 29 17 48 5 32
6
1 32 5 47 19 31
6
1 31 19 87 27 30
6
1 30 27 63 10 28
6
2 35 7 56 8 36
18
2 36 8 59 9 62 21 92 20 86 18 84 16 70 12 38 3 34
6
2 34 3 39 24 33
6
2 33 24 57 7 35
6
3 38 12 41 4 37
6
3 37 4 42 11 40
6
3 40 11 68 24 39
6
4 41 12 69 26 44
6
4 44 26 46 5 45
6
4 45 5 48 17 43
6
4 43 17 67 11 42
6
5 46 26 90 19 47
6
6 49 13 72 25 50
6
6 50 25 83 16 51
6
6 51 16 84 18 54
6
6 54 18 77 14 52
6
6 52 14 76 15 53
6
6 53 15 75 13 49
6
7 58 10 64 22 55
6
7 55 22 60 8 56
6
7 57 24 65 10 58
6
8 60 22 61 9 59
6
9 61 22 93 21 62
6
10 63 27 94 22 64
6
10 65 24 85 17 66
6
11 67 17 85 24 68
6
12 70 16 81 26 69
6
13 71 19 89 25 72
6
13 75 15 80 22 74
6
13 74 22 94 27 73
6
13 73 27 87 19 71
6
14 77 18 79 15 76
6
15 79 18 86 20 78
6
15 78 20 91 22 80
6
16 83 25 95 23 82
6
16 82 23 96 26 81
6
19 90 26 96 23 88
6
19 88 23 95 25 89
6
20 92 21 93 22 91
