46
6
1 29 10 70 19 30
18
1 30 19 93 25 79 12 50 6 52 28 96 21 76 11 43 4 31
6
1 31 4 42 10 29
6
2 33 10 72 26 34
6
2 34 26 40 3 36
6
2 36 3 38 22 37
6
2 37 22 47 5 35
6
2 35 5 45 8 32
6
2 32 8 60 10 33
6
3 40 26 85 15 41
6
3 41 15 86 21 39
6
3 39 21 95 22 38
6
4 43 11 73 10 42
6
5 47 22 98 24 48
6
5 48 24 92 18 46
6
5 46 18 66 9 44
6
5 44 9 62 8 45
6
6 50 12 78 14 49
6
6 49 14 84 27 51
6
6 51 27 100 28 52
6
7 55 27 99 23 59
6
7 59 23 94 20 56
6
7 56 20 91 18 57
6
7 57 18 92 24 58
6
7 58 24 98 22 53
6
7 53 22 97 28 54
6
7 54 28 100 27 55
6
8 62 9 65 16 61
6
8 61 16 71 10 60
6
9 66 18 91 20 68
6
9 68 20 94 23 69
6
9 69 23 83 13 63
6
9 63 13 77 12 64
6
9 64 12 80 17 67
6
9 67 17 89 16 65
6
10 73 11 74 26 72
6
10 71 16 87 19 70
6
11 76 21 86 15 75
6
11 75 15 85 26 74
6
12 77 13 81 14 78
6
12 79 25 90 17 80
6
13 83 23 99 27 82
6
13 82 27 84 14 81
6
16 88 25 93 19 87
6
16 89 17 90 25 88
6
21 96 28 97 22 95
