46
14
1 28 12 75 22 82 15 77 13 64 8 65 20 31
6
1 31 20 93 27 30
6
1 30 27 97 23 29
6
1 29 23 76 12 28
6
2 35 4 45 18 34
6
2 34 18 88 26 33
6
2 33 26 95 21 32
6
2 32 21 96 24 37
6
2 37 24 84 16 36
6
2 36 16 48 4 35
6
3 41 13 78 25 42
6
3 42 25 87 17 40
6
3 40 17 66 9 38
6
3 38 9 63 8 39
6
3 39 8 64 13 41
6
4 44 6 54 27 43
6
4 43 27 93 20 47
6
4 47 20 68 9 46
6
4 46 9 67 18 45
6
4 48 16 58 6 44
6
5 49 15 83 26 52
6
5 52 26 98 25 53
6
5 53 25 78 13 51
6
5 51 13 70 10 50
6
5 50 10 69 15 49
6
6 57 7 59 14 56
6
6 56 14 79 23 55
6
6 55 23 97 27 54
6
6 58 16 61 7 57
6
7 60 19 80 14 59
6
7 61 16 84 24 62
6
7 62 24 92 19 60
6
8 63 9 68 20 65
6
9 66 17 85 18 67
6
10 70 13 77 15 69
6
11 72 12 76 23 73
6
11 73 23 91 19 71
6
11 71 19 74 12 72
6
12 74 19 89 22 75
6
14 80 19 91 23 79
6
15 81 21 95 26 83
6
15 82 22 94 21 81
6
17 87 25 98 26 86
6
17 86 26 88 18 85
6
19 92 24 96 21 90
6
19 90 21 94 22 89
