42
6
1 27 2 36 23 29
18
1 29 23 41 3 39 15 79 21 65 9 62 14 51 6 54 12 31
6
1 31 12 58 8 30
6
1 30 8 60 22 32
6
1 32 22 56 7 28
6
1 28 7 34 2 27
6
2 34 7 55 24 33
6
2 33 24 38 3 35
6
2 35 3 41 23 36
6
3 38 24 87 19 37
6
3 37 19 67 10 40
6
3 40 10 66 15 39
6
4 42 10 69 11 44
6
4 44 11 48 5 45
6
4 45 5 49 15 43
6
4 43 15 66 10 42
6
5 48 11 64 9 47
6
5 47 9 65 21 46
6
5 46 21 79 15 49
6
6 50 13 78 26 52
6
6 52 26 92 25 53
6
6 53 25 75 12 54
6
6 51 14 76 13 50
6
7 56 22 91 24 55
6
8 58 12 73 16 57
6
8 57 16 81 18 59
6
8 59 18 86 22 60
6
9 64 11 70 17 63
6
9 63 17 77 13 61
6
9 61 13 76 14 62
6
10 67 19 88 20 68
6
10 68 20 72 11 69
6
11 72 20 85 18 71
6
11 71 18 83 17 70
6
12 74 26 82 16 73
6
12 75 25 92 26 74
6
13 77 17 84 26 78
6
16 82 26 84 17 80
6
16 80 17 83 18 81
6
18 85 20 90 22 86
6
19 87 24 89 20 88
6
20 89 24 91 22 90
