34
6
1 22 19 65 13 24
6
1 24 13 42 6 25
6
1 25 6 43 20 23
6
1 23 20 73 19 22
6
2 28 3 32 4 29
6
2 29 4 36 14 27
6
2 27 14 69 16 26
6
2 26 16 33 3 28
6
3 30 8 51 11 31
6
3 31 11 35 4 32
6
3 33 16 59 9 34
6
3 34 9 55 8 30
14
4 35 11 41 5 39 19 73 20 74 21 67 14 36
6
5 41 11 62 17 40
6
5 40 17 61 10 37
6
5 37 10 52 8 38
6
5 38 8 53 19 39
6
6 45 9 57 12 44
6
6 44 12 64 20 43
6
6 42 13 56 9 45
6
7 47 20 64 12 50
6
7 50 12 63 15 49
6
7 49 15 70 18 48
6
7 48 18 72 21 46
6
7 46 21 74 20 47
6
8 52 10 60 11 51
6
8 55 9 56 13 54
6
8 54 13 65 19 53
6
9 59 16 71 15 58
6
9 58 15 63 12 57
6
10 61 17 62 11 60
6
14 67 21 72 18 66
6
14 66 18 70 15 68
6
14 68 15 71 16 69
