30
6
1 20 4 36 6 21
6
1 21 6 31 3 22
6
1 22 3 34 18 23
6
1 23 18 60 12 24
6
1 24 12 61 19 26
6
1 26 19 66 17 25
6
1 25 17 37 4 20
6
2 30 3 32 9 28
6
2 28 9 53 13 27
6
2 27 13 62 16 29
6
2 29 16 33 3 30
6
3 31 6 43 9 32
6
3 33 16 65 18 34
6
4 37 17 64 14 38
12
4 38 14 49 8 51 13 53 9 52 15 35
6
4 35 15 42 6 36
6
5 39 10 55 17 41
6
5 41 17 56 11 40
6
5 40 11 54 10 39
8
6 42 15 44 7 45 9 43
6
7 44 15 52 9 45
6
8 49 14 64 17 48
6
8 48 17 55 10 46
6
8 46 10 54 11 47
6
8 47 11 57 19 50
6
8 50 19 63 13 51
6
11 56 17 66 19 57
6
12 60 18 65 16 58
6
12 58 16 62 13 59
6
12 59 13 63 19 61
