44
6
1 28 3 45 19 33
6
1 33 19 60 7 30
6
1 30 7 50 5 31
6
1 31 5 52 11 32
6
1 32 11 49 4 29
6
1 29 4 43 3 28
6
2 35 3 44 21 36
6
2 36 21 48 4 38
6
2 38 4 47 27 37
6
2 37 27 94 22 39
6
2 39 22 68 10 34
6
2 34 10 42 3 35
6
3 43 4 48 21 44
6
3 42 10 67 18 41
6
3 41 18 62 8 40
6
3 40 8 63 19 45
6
4 49 11 69 14 46
6
4 46 14 81 27 47
6
5 50 7 59 13 51
6
5 51 13 70 11 52
6
6 56 24 91 19 57
6
6 57 19 63 8 54
6
6 54 8 61 17 53
6
6 53 17 90 25 55
6
6 55 25 96 24 56
6
7 60 19 91 24 58
6
7 58 24 79 13 59
6
8 62 18 89 17 61
6
9 64 10 68 22 65
6
9 65 22 94 27 66
18
9 66 27 73 12 76 16 87 20 93 25 90 17 89 18 67 10 64
6
11 70 13 80 26 72
6
11 72 26 95 23 71
6
11 71 23 82 14 69
6
12 73 27 81 14 74
6
12 74 14 82 23 75
6
12 75 23 88 16 76
6
13 78 20 83 15 77
6
13 77 15 86 26 80
6
13 79 24 92 20 78
6
15 83 20 87 16 84
6
15 84 16 88 23 85
6
15 85 23 95 26 86
6
20 92 24 96 25 93
