33
6
1 22 2 31 14 23
6
1 23 14 41 4 24
6
1 24 4 42 6 25
6
1 25 6 48 9 26
6
1 26 9 58 10 27
6
1 27 10 61 20 28
6
1 28 20 32 2 22
6
2 32 20 39 3 29
6
2 29 3 33 16 30
16
2 30 16 70 17 65 11 63 13 69 15 67 12 66 14 31
6
3 39 20 61 10 37
6
3 37 10 60 19 36
6
3 36 19 72 18 35
6
3 35 18 73 21 38
6
3 38 21 71 17 34
6
3 34 17 70 16 33
6
4 41 14 66 12 40
6
4 40 12 45 5 44
6
4 44 5 46 8 43
6
4 43 8 50 6 42
6
5 45 12 67 15 47
6
5 47 15 57 8 46
6
6 49 7 55 9 48
6
6 50 8 56 7 49
6
7 53 18 72 19 54
6
7 54 19 59 9 55
6
7 56 8 57 15 51
6
7 51 15 69 13 52
6
7 52 13 68 18 53
6
9 59 19 60 10 58
6
11 65 17 71 21 64
6
11 64 21 73 18 62
6
11 62 18 68 13 63
