27
6
1 20 10 53 12 21
20
1 21 12 55 11 50 9 52 18 46 7 44 16 62 19 57 13 39 5 23
6
1 23 5 39 13 22
6
1 22 13 54 10 20
6
2 26 10 54 13 28
6
2 28 13 56 15 27
6
2 27 15 60 14 24
6
2 24 14 36 4 25
6
2 25 4 38 10 26
6
3 31 14 41 6 33
6
3 33 6 42 17 34
6
3 34 17 51 9 35
6
3 35 9 50 11 32
6
3 32 11 55 12 29
6
3 29 12 37 4 30
6
3 30 4 36 14 31
6
4 37 12 53 10 38
6
6 41 14 48 8 40
6
6 40 8 49 17 42
6
7 45 8 48 14 43
6
7 43 14 58 16 44
6
7 46 18 47 8 45
6
8 47 18 63 17 49
6
9 51 17 63 18 52
6
13 57 19 61 15 56
6
14 60 15 61 19 59
6
14 59 19 62 16 58
