36
6
1 23 5 49 14 25
6
1 25 14 72 18 28
6
1 28 18 44 4 27
6
1 27 4 43 15 26
6
1 26 15 74 20 24
6
1 24 20 46 5 23
6
2 30 5 45 7 31
6
2 31 7 55 11 33
6
2 33 11 50 6 34
6
2 34 6 52 22 35
6
2 35 22 77 19 32
6
2 32 19 41 4 29
6
2 29 4 40 5 30
6
3 36 21 78 22 37
6
3 37 22 70 12 38
6
3 38 12 69 17 39
14
3 39 17 71 13 48 5 46 20 59 8 56 21 36
6
4 41 19 73 15 43
6
4 44 18 72 14 42
6
4 42 14 49 5 40
6
5 48 13 61 9 47
6
5 47 9 54 7 45
6
6 50 11 67 17 51
6
6 51 17 69 12 53
6
6 53 12 70 22 52
6
7 54 9 62 11 55
6
8 57 10 63 21 56
6
8 59 20 74 15 58
6
8 58 15 75 16 60
6
8 60 16 66 10 57
6
9 61 13 68 11 62
6
10 65 19 77 22 64
6
10 64 22 78 21 63
6
10 66 16 76 19 65
6
11 68 13 71 17 67
6
15 73 19 76 16 75
