37
6
1 24 3 37 15 27
6
1 27 15 55 9 26
6
1 26 9 39 4 25
6
1 25 4 33 3 24
6
2 30 4 40 19 31
6
2 31 19 80 22 32
6
2 32 22 65 12 29
6
2 29 12 46 6 28
6
2 28 6 38 4 30
6
3 33 4 38 6 34
16
3 34 6 46 12 64 20 49 7 48 13 66 14 51 8 36
6
3 36 8 53 11 35
6
3 35 11 62 15 37
6
4 39 9 56 19 40
6
5 42 16 77 22 45
6
5 45 22 80 19 44
6
5 44 19 56 9 43
6
5 43 9 54 23 41
6
5 41 23 76 16 42
6
7 49 20 79 18 47
6
7 47 18 67 13 48
6
8 51 14 68 17 50
6
8 50 17 78 21 52
6
8 52 21 63 11 53
6
9 55 15 71 23 54
6
10 58 17 73 16 57
6
10 57 16 76 23 59
6
10 59 23 71 15 60
6
10 60 15 72 21 61
6
10 61 21 78 17 58
6
11 63 21 72 15 62
6
12 65 22 81 20 64
6
13 67 18 70 14 66
6
14 70 18 74 16 69
6
14 69 16 73 17 68
6
16 74 18 79 20 75
6
16 75 20 81 22 77
