41
6
1 26 2 32 21 28
6
1 28 21 35 3 29
16
1 29 3 34 19 81 17 80 23 74 14 64 11 54 8 27
6
1 27 8 30 2 26
6
2 30 8 41 5 31
6
2 31 5 42 21 32
6
3 33 6 46 19 34
6
3 35 21 48 6 33
6
4 37 8 54 11 36
6
4 36 11 66 15 39
6
4 39 15 53 7 40
6
4 40 7 45 5 38
6
4 38 5 41 8 37
6
5 45 7 52 20 44
6
5 44 20 86 22 43
6
5 43 22 88 21 42
6
6 50 16 78 17 51
6
6 51 17 62 10 47
6
6 47 10 61 19 46
6
6 48 21 82 18 49
6
6 49 18 76 16 50
6
7 53 15 75 20 52
6
9 57 13 72 24 60
6
9 60 24 89 23 55
6
9 55 23 79 16 56
6
9 56 16 77 25 59
6
9 59 25 69 12 58
6
9 58 12 67 13 57
6
10 62 17 81 19 61
6
11 64 14 71 13 63
6
11 63 13 67 12 65
6
11 65 12 70 15 66
6
12 69 25 87 20 68
6
12 68 20 75 15 70
6
13 71 14 73 24 72
6
14 74 23 89 24 73
6
16 79 23 80 17 78
6
16 76 18 85 25 77
6
18 84 22 86 20 83
6
18 83 20 87 25 85
6
18 82 21 88 22 84
