35
6
1 23 9 59 17 29
6
1 29 17 74 16 30
6
1 30 16 35 2 31
6
1 31 2 36 12 32
6
1 32 12 67 14 28
6
1 28 14 40 3 27
6
1 27 3 41 13 26
6
1 26 13 69 15 25
6
1 25 15 62 10 24
6
1 24 10 58 9 23
6
2 34 6 52 19 33
6
2 33 19 68 12 36
6
2 35 16 51 6 34
6
3 38 5 43 4 37
6
3 37 4 44 13 41
6
3 40 14 72 21 39
6
3 39 21 47 5 38
6
4 43 5 46 22 42
6
4 42 22 75 18 45
6
4 45 18 71 13 44
16
5 48 8 53 7 56 19 52 6 50 9 58 10 61 22 46
6
5 47 21 57 8 48
6
6 51 16 74 17 49
6
6 49 17 59 9 50
6
7 53 8 57 21 54
6
7 54 21 64 11 55
6
7 55 11 63 19 56
6
10 62 15 73 20 60
6
10 60 20 77 22 61
6
11 64 21 72 14 65
6
11 65 14 67 12 66
6
11 66 12 68 19 63
6
13 70 20 73 15 69
6
13 71 18 76 20 70
6
18 75 22 77 20 76
