45
6
1 29 19 95 22 31
6
1 31 22 98 25 32
20
1 32 25 41 3 42 18 91 26 88 16 86 24 89 17 66 9 68 28 30
6
1 30 28 92 19 29
6
2 35 4 45 16 36
6
2 36 16 88 26 34
6
2 34 26 79 13 33
6
2 33 13 43 4 35
6
3 38 7 56 27 37
6
3 37 27 90 18 42
6
3 41 25 83 14 40
6
3 40 14 75 11 39
6
3 39 11 57 7 38
6
4 44 21 87 16 45
6
4 43 13 78 21 44
6
5 46 10 72 17 48
6
5 48 17 89 24 49
6
5 49 24 86 16 50
6
5 50 16 87 21 47
6
5 47 21 71 10 46
6
6 54 11 74 20 55
6
6 55 20 76 12 52
6
6 52 12 77 21 51
6
6 51 21 58 7 53
6
6 53 7 57 11 54
6
7 59 13 80 15 60
6
7 60 15 84 27 56
6
7 58 21 78 13 59
6
8 63 15 80 13 61
6
8 61 13 79 26 62
6
8 62 26 91 18 64
6
8 64 18 85 15 63
6
9 66 17 72 10 65
6
9 65 10 73 23 67
6
9 67 23 99 28 68
6
10 71 21 77 12 70
6
10 70 12 76 20 69
6
10 69 20 96 23 73
6
11 75 14 81 20 74
6
14 83 25 98 22 82
6
14 82 22 97 20 81
6
15 85 18 90 27 84
6
19 92 28 99 23 93
6
19 93 23 96 20 94
6
19 94 20 97 22 95
