34
6
1 23 16 51 8 24
6
1 24 8 28 2 26
6
1 26 2 31 18 27
6
1 27 18 37 3 25
6
1 25 3 32 16 23
6
2 29 17 75 19 30
6
2 30 19 76 18 31
6
2 28 8 52 17 29
6
3 37 18 57 9 35
6
3 35 9 53 13 36
6
3 36 13 68 21 34
6
3 34 21 45 6 33
6
3 33 6 46 16 32
6
4 39 6 45 21 38
6
4 38 21 68 13 40
18
4 40 13 67 20 65 12 42 5 44 22 59 10 61 16 46 6 39
6
5 42 12 47 7 41
6
5 41 7 48 11 43
6
5 43 11 62 22 44
6
7 47 12 64 19 49
6
7 49 19 75 17 50
6
7 50 17 63 11 48
6
8 51 16 74 17 52
6
9 57 18 71 14 56
6
9 56 14 69 15 55
6
9 55 15 72 20 54
6
9 54 20 67 13 53
6
10 58 11 63 17 60
6
10 60 17 74 16 61
6
10 59 22 62 11 58
6
12 65 20 72 15 66
6
12 66 15 73 19 64
6
14 70 19 73 15 69
6
14 71 18 76 19 70
