37
6
1 25 6 50 12 29
6
1 29 12 69 22 31
6
1 31 22 66 10 28
6
1 28 10 60 9 27
6
1 27 9 62 24 30
6
1 30 24 76 16 26
6
1 26 16 49 6 25
6
2 32 19 82 18 35
6
2 35 18 59 8 34
6
2 34 8 57 15 33
6
2 33 15 75 19 32
6
3 38 4 39 19 36
6
3 36 19 75 15 37
20
3 37 15 74 14 53 7 55 11 52 6 49 16 77 17 79 20 42 4 38
6
4 41 9 60 10 40
6
4 40 10 65 19 39
6
4 42 20 61 9 41
6
5 43 8 58 22 47
6
5 47 22 69 12 46
6
5 46 12 70 23 48
6
5 48 23 54 7 45
6
5 45 7 53 14 44
6
5 44 14 56 8 43
6
6 52 11 68 23 51
6
6 51 23 70 12 50
6
7 54 23 68 11 55
6
8 59 18 81 22 58
6
8 56 14 74 15 57
6
9 61 20 72 13 63
6
9 63 13 73 21 64
6
9 64 21 83 24 62
6
10 66 22 81 18 67
6
10 67 18 82 19 65
6
13 72 20 79 17 71
6
13 71 17 80 21 73
6
16 76 24 78 17 77
6
17 78 24 83 21 80
