40
6
1 26 15 73 14 28
6
1 28 14 40 4 29
18
1 29 4 39 16 76 25 88 21 66 12 55 8 56 23 31 2 27
6
1 27 2 32 15 26
6
2 31 23 42 5 30
6
2 30 5 44 6 33
6
2 33 6 46 15 32
6
3 34 11 64 20 36
6
3 36 20 85 19 37
6
3 37 19 86 24 38
6
3 38 24 71 13 35
6
3 35 13 61 11 34
6
4 40 14 72 16 39
6
5 42 23 56 8 41
6
5 41 8 57 9 43
6
5 43 9 59 10 45
6
5 45 10 49 6 44
6
6 48 13 69 14 47
6
6 47 14 73 15 46
6
6 49 10 60 13 48
6
7 50 8 55 12 51
6
7 51 12 62 11 52
6
7 52 11 61 13 53
6
7 53 13 58 9 54
6
7 54 9 57 8 50
6
9 58 13 60 10 59
6
11 62 12 67 18 63
6
11 63 18 82 20 64
6
12 66 21 83 19 65
6
12 65 19 84 22 68
6
12 68 22 81 18 67
6
13 71 24 80 17 70
6
13 70 17 74 14 69
6
14 74 17 75 16 72
6
16 75 17 77 25 76
6
17 80 24 86 19 79
6
17 79 19 83 21 78
6
17 78 21 88 25 77
6
18 81 22 87 20 82
6
19 85 20 87 22 84
