39
6
1 25 18 76 15 27
6
1 27 15 50 6 30
6
1 30 6 51 8 28
6
1 28 8 58 13 29
16
1 29 13 71 22 62 9 60 12 69 11 68 19 84 21 26
6
1 26 21 83 18 25
6
2 33 16 80 19 32
6
2 32 19 36 3 31
6
2 31 3 38 5 35
6
2 35 5 46 20 34
6
2 34 20 79 16 33
6
3 36 19 68 11 37
6
3 37 11 45 5 38
6
4 42 5 47 23 43
6
4 43 23 85 24 44
6
4 44 24 82 17 40
6
4 40 17 78 16 39
6
4 39 16 79 20 41
6
4 41 20 46 5 42
6
5 45 11 70 23 47
6
6 50 15 77 16 48
6
6 48 16 78 17 49
6
6 49 17 66 10 52
6
6 52 10 59 8 51
6
7 55 9 63 24 57
6
7 57 24 85 23 56
6
7 56 23 70 11 54
6
7 54 11 69 12 53
6
7 53 12 60 9 55
6
8 59 10 64 13 58
6
9 62 22 65 10 61
6
9 61 10 67 24 63
6
10 66 17 82 24 67
6
10 65 22 71 13 64
6
14 72 18 83 21 75
6
14 75 21 81 16 74
6
14 74 16 77 15 73
6
14 73 15 76 18 72
6
16 81 21 84 19 80
