39
6
1 26 8 64 24 29
6
1 29 24 72 11 30
6
1 30 11 58 7 33
6
1 33 7 60 25 32
6
1 32 25 87 21 31
6
1 31 21 76 12 28
6
1 28 12 74 13 27
6
1 27 13 61 8 26
6
2 38 8 61 13 37
6
2 37 13 69 10 35
6
2 35 10 70 17 34
6
2 34 17 83 19 36
6
2 36 19 62 8 38
20
3 43 6 57 17 70 10 68 15 79 20 86 21 87 25 60 7 59 18 42
6
3 42 18 85 24 41
6
3 41 24 65 9 39
6
3 39 9 66 14 40
6
3 40 14 55 6 43
6
4 46 21 86 20 44
6
4 44 20 79 15 45
6
4 45 15 75 12 47
6
4 47 12 76 21 46
6
5 53 9 63 8 49
6
5 49 8 62 19 48
6
5 48 19 80 16 52
6
5 52 16 82 22 54
6
5 54 22 56 6 51
6
5 51 6 55 14 50
6
5 50 14 66 9 53
6
6 56 22 84 17 57
6
7 58 11 71 18 59
6
8 63 9 65 24 64
6
10 69 13 77 23 67
6
10 67 23 78 15 68
6
11 72 24 85 18 71
6
12 73 23 77 13 74
6
12 75 15 78 23 73
6
16 80 19 83 17 81
6
16 81 17 84 22 82
