45
6
1 28 22 97 23 29
6
1 29 23 90 20 31
6
1 31 20 92 26 30
6
1 30 26 95 22 28
6
2 35 14 52 7 36
6
2 36 7 54 27 34
6
2 34 27 93 20 32
6
2 32 20 91 21 33
6
2 33 21 78 14 35
16
3 39 6 50 16 85 24 41 4 44 12 58 8 60 17 38
6
3 38 17 79 14 37
6
3 37 14 51 6 39
6
4 40 11 46 5 42
6
4 42 5 48 9 45
6
4 45 9 61 19 43
6
4 43 19 74 12 44
6
4 41 24 69 11 40
6
5 46 11 70 15 47
6
5 47 15 63 9 48
6
6 51 14 77 23 49
6
6 49 23 84 16 50
6
7 53 8 57 13 56
6
7 56 13 76 18 55
6
7 55 18 88 27 54
6
7 52 14 59 8 53
6
8 58 12 72 13 57
6
8 59 14 79 17 60
6
9 62 25 89 19 61
6
9 63 15 83 25 62
6
10 66 20 93 27 67
6
10 67 27 88 18 68
6
10 68 18 87 25 64
6
10 64 25 83 15 65
6
10 65 15 80 20 66
6
11 71 22 82 15 70
6
11 69 24 96 22 71
6
12 74 19 89 25 73
6
12 73 25 75 13 72
6
13 75 25 87 18 76
6
14 78 21 94 23 77
6
15 82 22 95 26 81
6
15 81 26 92 20 80
6
16 84 23 97 22 86
6
16 86 22 96 24 85
6
20 90 23 94 21 91
