16
12
1 12 13 14 8 68 67 66 5 17 16 15
12
1 15 16 17 5 69 70 71 6 23 22 21
12
1 21 22 23 6 44 43 42 3 26 25 24
12
1 24 25 26 3 39 40 41 9 20 19 18
12
1 18 19 20 9 86 85 84 8 14 13 12
12
2 33 34 35 8 84 85 86 9 38 37 36
20
2 36 37 38 9 41 40 39 3 45 46 47 11 56 55 54 4 32 31 30
12
2 30 31 32 4 48 49 50 10 29 28 27
12
2 27 28 29 10 83 82 81 8 35 34 33
12
3 42 43 44 6 72 73 74 11 47 46 45
12
4 54 55 56 11 80 79 78 7 53 52 51
12
4 51 52 53 7 75 76 77 10 50 49 48
12
5 57 58 59 7 78 79 80 11 65 64 63
12
5 63 64 65 11 74 73 72 6 71 70 69
12
5 66 67 68 8 81 82 83 10 62 61 60
12
5 60 61 62 10 77 76 75 7 59 58 57
