14
12
1 11 12 13 4 59 60 61 7 22 21 20
12
1 20 21 22 7 70 69 68 6 28 27 26
12
1 26 27 28 6 67 66 65 5 25 24 23
12
1 23 24 25 5 62 63 64 8 19 18 17
12
1 17 18 19 8 34 33 32 2 16 15 14
12
1 14 15 16 2 29 30 31 4 13 12 11
12
2 32 33 34 8 71 72 73 10 37 36 35
12
2 35 36 37 10 76 75 74 9 40 39 38
20
2 38 39 40 9 46 45 44 3 56 57 58 7 61 60 59 4 31 30 29
12
3 47 48 49 8 64 63 62 5 52 51 50
12
3 50 51 52 5 65 66 67 6 55 54 53
12
3 53 54 55 6 68 69 70 7 58 57 56
12
3 44 45 46 9 74 75 76 10 43 42 41
12
3 41 42 43 10 73 72 71 8 49 48 47
