18
12
1 13 14 15 10 66 65 64 5 18 17 16
12
1 16 17 18 5 67 68 69 12 27 26 25
12
1 25 26 27 12 39 38 37 2 24 23 22
12
1 22 23 24 2 34 35 36 3 21 20 19
12
1 19 20 21 3 40 41 42 10 15 14 13
12
2 37 38 39 12 96 95 94 8 30 29 28
12
2 28 29 30 8 91 92 93 11 33 32 31
12
2 31 32 33 11 48 47 46 3 36 35 34
20
3 46 47 48 11 93 92 91 8 88 89 90 9 54 53 52 4 45 44 43
12
3 43 44 45 4 55 56 57 10 42 41 40
12
4 49 50 51 5 64 65 66 10 57 56 55
12
4 52 53 54 9 60 59 58 5 51 50 49
12
5 61 62 63 7 85 86 87 12 69 68 67
12
5 58 59 60 9 84 83 82 7 63 62 61
12
6 76 77 78 8 94 95 96 12 81 80 79
12
6 79 80 81 12 87 86 85 7 72 71 70
12
6 70 71 72 7 82 83 84 9 75 74 73
12
6 73 74 75 9 90 89 88 8 78 77 76
