15
16
1 11 12 13 5 52 51 50 4 53 54 55 6 22 21 20
12
1 20 21 22 6 37 36 35 3 19 18 17
12
1 17 18 19 3 41 42 43 10 16 15 14
12
1 14 15 16 10 64 63 62 5 13 12 11
12
2 23 24 25 4 56 57 58 8 31 30 29
12
2 29 30 31 8 77 78 79 9 34 33 32
12
2 32 33 34 9 70 69 68 6 28 27 26
12
2 26 27 28 6 55 54 53 4 25 24 23
12
3 35 36 37 6 65 66 67 8 40 39 38
12
3 38 39 40 8 76 75 74 7 46 45 44
12
3 44 45 46 7 71 72 73 10 43 42 41
12
4 50 51 52 5 62 63 64 10 49 48 47
12
4 47 48 49 10 73 72 71 7 61 60 59
12
4 59 60 61 7 74 75 76 8 58 57 56
12
6 68 69 70 9 79 78 77 8 67 66 65
