13
12
1 11 12 13 5 53 54 55 8 19 18 17
12
1 17 18 19 8 61 60 59 6 22 21 20
12
1 20 21 22 6 43 42 41 3 16 15 14
12
1 14 15 16 3 35 36 37 5 13 12 11
20
2 29 30 31 9 40 39 38 3 44 45 46 4 47 48 49 10 25 24 23
12
2 23 24 25 10 70 69 68 8 28 27 26
16
2 26 27 28 8 71 72 73 9 67 66 65 7 34 33 32
12
2 32 33 34 7 65 66 67 9 31 30 29
12
3 41 42 43 6 52 51 50 4 46 45 44
12
3 38 39 40 9 58 57 56 5 37 36 35
12
4 50 51 52 6 62 63 64 10 49 48 47
12
5 56 57 58 9 73 72 71 8 55 54 53
12
6 59 60 61 8 68 69 70 10 64 63 62
