17
12
1 13 14 15 2 31 32 33 9 18 17 16
12
1 16 17 18 9 63 62 61 5 24 23 22
12
1 22 23 24 5 54 53 52 4 21 20 19
12
1 19 20 21 4 27 26 25 2 15 14 13
12
2 25 26 27 4 49 50 51 7 30 29 28
20
2 28 29 30 7 76 77 78 12 84 83 82 8 79 80 81 9 33 32 31
12
3 43 44 45 10 91 92 93 11 48 47 46
12
3 46 47 48 11 87 86 85 9 39 38 37
16
3 37 38 39 9 72 71 70 6 67 68 69 8 36 35 34
12
3 34 35 36 8 82 83 84 12 42 41 40
12
3 40 41 42 12 90 89 88 10 45 44 43
12
4 52 53 54 5 64 65 66 11 60 59 58
12
4 58 59 60 11 93 92 91 10 57 56 55
12
4 55 56 57 10 75 74 73 7 51 50 49
12
5 61 62 63 9 85 86 87 11 66 65 64
12
6 70 71 72 9 81 80 79 8 69 68 67
12
7 73 74 75 10 88 89 90 12 78 77 76
