18
12
1 13 14 15 5 55 56 57 10 18 17 16
12
1 16 17 18 10 69 68 67 6 21 20 19
12
1 19 20 21 6 33 32 31 2 24 23 22
12
1 22 23 24 2 34 35 36 3 27 26 25
12
1 25 26 27 3 43 44 45 5 15 14 13
12
2 31 32 33 6 67 68 69 10 30 29 28
20
2 28 29 30 10 84 83 82 8 81 80 79 7 54 53 52 4 39 38 37
12
2 37 38 39 4 48 47 46 3 36 35 34
12
3 46 47 48 4 49 50 51 12 42 41 40
12
3 40 41 42 12 66 65 64 5 45 44 43
12
4 52 53 54 7 76 77 78 12 51 50 49
12
5 64 65 66 12 93 92 91 9 63 62 61
12
5 61 62 63 9 87 86 85 8 60 59 58
12
5 58 59 60 8 82 83 84 10 57 56 55
12
7 79 80 81 8 88 89 90 11 75 74 73
12
7 73 74 75 11 96 95 94 9 72 71 70
12
7 70 71 72 9 91 92 93 12 78 77 76
12
8 85 86 87 9 94 95 96 11 90 89 88
