13
12
1 11 12 13 5 40 39 38 3 16 15 14
16
1 14 15 16 3 38 39 40 5 50 51 52 9 19 18 17
12
1 17 18 19 9 71 72 73 10 22 21 20
12
1 20 21 22 10 64 63 62 7 25 24 23
20
1 23 24 25 7 61 60 59 6 43 42 41 4 47 48 49 5 13 12 11
12
2 26 27 28 5 49 48 47 4 37 36 35
12
2 35 36 37 4 44 45 46 8 34 33 32
12
2 32 33 34 8 68 69 70 9 31 30 29
12
2 29 30 31 9 52 51 50 5 28 27 26
12
4 41 42 43 6 53 54 55 8 46 45 44
12
6 59 60 61 7 62 63 64 10 58 57 56
12
6 56 57 58 10 67 66 65 8 55 54 53
12
8 65 66 67 10 73 72 71 9 70 69 68
