14
12
1 11 12 13 9 58 57 56 5 19 18 17
12
1 17 18 19 5 55 54 53 4 25 24 23
12
1 23 24 25 4 50 51 52 10 22 21 20
12
1 20 21 22 10 61 60 59 6 28 27 26
12
1 26 27 28 6 65 66 67 8 16 15 14
12
1 14 15 16 8 74 75 76 9 13 12 11
20
2 29 30 31 9 76 75 74 8 73 72 71 7 68 69 70 10 37 36 35
12
2 35 36 37 10 46 45 44 3 34 33 32
12
2 32 33 34 3 38 39 40 9 31 30 29
12
3 44 45 46 10 52 51 50 4 49 48 47
12
3 47 48 49 4 53 54 55 5 43 42 41
12
3 41 42 43 5 56 57 58 9 40 39 38
12
6 59 60 61 10 70 69 68 7 64 63 62
12
6 62 63 64 7 71 72 73 8 67 66 65
