16
12
1 12 13 14 2 30 31 32 4 17 16 15
12
1 15 16 17 4 45 46 47 7 23 22 21
12
1 21 22 23 7 69 70 71 9 20 19 18
12
1 18 19 20 9 26 25 24 2 14 13 12
12
2 24 25 26 9 35 34 33 3 29 28 27
20
2 27 28 29 3 39 40 41 8 62 61 60 6 44 43 42 4 32 31 30
12
3 33 34 35 9 78 79 80 11 38 37 36
12
3 36 37 38 11 77 76 75 8 41 40 39
12
4 42 43 44 6 66 67 68 7 47 46 45
12
5 54 55 56 11 86 85 84 10 59 58 57
12
5 57 58 59 10 65 64 63 6 50 49 48
12
5 48 49 50 6 60 61 62 8 53 52 51
12
5 51 52 53 8 75 76 77 11 56 55 54
12
6 63 64 65 10 74 73 72 7 68 67 66
12
7 72 73 74 10 83 82 81 9 71 70 69
12
9 81 82 83 10 84 85 86 11 80 79 78
