14
12
1 11 12 13 4 50 51 52 8 25 24 23
12
1 23 24 25 8 61 60 59 5 22 21 20
12
1 20 21 22 5 56 57 58 10 19 18 17
12
1 17 18 19 10 76 75 74 9 16 15 14
12
1 14 15 16 9 49 48 47 4 13 12 11
12
2 26 27 28 3 41 42 43 6 34 33 32
12
2 32 33 34 6 68 69 70 7 31 30 29
12
2 29 30 31 7 46 45 44 3 28 27 26
12
3 35 36 37 10 58 57 56 5 40 39 38
12
3 38 39 40 5 62 63 64 6 43 42 41
20
3 44 45 46 7 55 54 53 4 47 48 49 9 74 75 76 10 37 36 35
12
4 53 54 55 7 71 72 73 8 52 51 50
12
5 59 60 61 8 67 66 65 6 64 63 62
12
6 65 66 67 8 73 72 71 7 70 69 68
