16
12
1 12 13 14 4 51 52 53 6 17 16 15
12
1 15 16 17 6 72 73 74 9 20 19 18
12
1 18 19 20 9 80 79 78 7 26 25 24
12
1 24 25 26 7 29 28 27 2 23 22 21
12
1 21 22 23 2 33 34 35 4 14 13 12
12
2 27 28 29 7 75 76 77 11 32 31 30
20
2 30 31 32 11 86 85 84 10 68 67 66 6 53 52 51 4 35 34 33
12
3 42 43 44 7 65 64 63 5 41 40 39
12
3 39 40 41 5 54 55 56 8 38 37 36
12
3 36 37 38 8 81 82 83 10 50 49 48
12
3 48 49 50 10 84 85 86 11 47 46 45
12
3 45 46 47 11 77 76 75 7 44 43 42
12
5 63 64 65 7 78 79 80 9 62 61 60
12
5 60 61 62 9 74 73 72 6 59 58 57
12
5 57 58 59 6 69 70 71 8 56 55 54
12
6 66 67 68 10 83 82 81 8 71 70 69
