14
12
1 11 12 13 9 55 54 53 5 19 18 17
12
1 17 18 19 5 56 57 58 8 28 27 26
12
1 26 27 28 8 74 75 76 10 25 24 23
12
1 23 24 25 10 52 51 50 4 22 21 20
12
1 20 21 22 4 40 39 38 3 16 15 14
12
1 14 15 16 3 41 42 43 9 13 12 11
12
2 32 33 34 3 38 39 40 4 31 30 29
12
2 29 30 31 4 44 45 46 6 37 36 35
20
2 35 36 37 6 59 60 61 7 68 69 70 9 43 42 41 3 34 33 32
12
4 50 51 52 10 64 63 62 7 49 48 47
12
4 47 48 49 7 61 60 59 6 46 45 44
12
5 53 54 55 9 73 72 71 8 58 57 56
12
7 62 63 64 10 76 75 74 8 67 66 65
12
7 65 66 67 8 71 72 73 9 70 69 68
