16
12
1 12 13 14 7 69 70 71 10 20 19 18
20
1 18 19 20 10 56 55 54 5 32 31 30 2 24 25 26 11 17 16 15
12
1 15 16 17 11 68 67 66 7 14 13 12
12
2 21 22 23 3 33 34 35 11 26 25 24
12
2 30 31 32 5 57 58 59 6 29 28 27
12
2 27 28 29 6 41 40 39 3 23 22 21
12
3 36 37 38 7 66 67 68 11 35 34 33
12
3 39 40 41 6 60 61 62 7 38 37 36
12
4 48 49 50 6 59 58 57 5 44 43 42
12
4 42 43 44 5 54 55 56 10 47 46 45
12
4 45 46 47 10 86 85 84 9 53 52 51
12
4 51 52 53 9 65 64 63 6 50 49 48
12
6 63 64 65 9 77 76 75 7 62 61 60
12
7 75 76 77 9 83 82 81 8 74 73 72
12
7 72 73 74 8 78 79 80 10 71 70 69
12
8 81 82 83 9 84 85 86 10 80 79 78
