16
12
1 12 13 14 5 60 61 62 9 17 16 15
12
1 15 16 17 9 80 79 78 8 23 22 21
12
1 21 22 23 8 68 67 66 6 26 25 24
12
1 24 25 26 6 69 70 71 10 29 28 27
12
1 27 28 29 10 38 37 36 2 20 19 18
12
1 18 19 20 2 33 34 35 5 14 13 12
12
2 36 37 38 10 50 49 48 3 41 40 39
20
2 39 40 41 3 45 46 47 7 75 76 77 11 56 55 54 4 32 31 30
12
2 30 31 32 4 57 58 59 5 35 34 33
12
3 42 43 44 6 63 64 65 7 47 46 45
12
3 48 49 50 10 71 70 69 6 44 43 42
12
4 54 55 56 11 86 85 84 9 53 52 51
12
4 51 52 53 9 62 61 60 5 59 58 57
12
6 66 67 68 8 74 73 72 7 65 64 63
12
7 72 73 74 8 81 82 83 11 77 76 75
12
8 78 79 80 9 84 85 86 11 83 82 81
