16
12
1 12 13 14 5 72 73 74 9 26 25 24
12
1 24 25 26 9 80 79 78 6 23 22 21
12
1 21 22 23 6 53 52 51 3 20 19 18
20
1 18 19 20 3 48 49 50 11 38 37 36 2 30 31 32 7 17 16 15
12
1 15 16 17 7 71 70 69 5 14 13 12
12
2 27 28 29 5 69 70 71 7 32 31 30
12
2 36 37 38 11 83 82 81 8 35 34 33
12
2 33 34 35 8 59 58 57 4 44 43 42
12
2 42 43 44 4 60 61 62 10 41 40 39
12
2 39 40 41 10 77 76 75 5 29 28 27
12
3 45 46 47 8 81 82 83 11 50 49 48
12
3 51 52 53 6 68 67 66 4 56 55 54
12
3 54 55 56 4 57 58 59 8 47 46 45
12
4 66 67 68 6 78 79 80 9 65 64 63
12
4 63 64 65 9 84 85 86 10 62 61 60
12
5 75 76 77 10 86 85 84 9 74 73 72
