14
12
1 11 12 13 3 38 39 40 6 19 18 17
12
1 17 18 19 6 58 57 56 5 22 21 20
20
1 20 21 22 5 55 54 53 4 47 48 49 7 31 30 29 2 16 15 14
12
1 14 15 16 2 23 24 25 3 13 12 11
12
2 29 30 31 7 68 69 70 8 34 33 32
12
2 32 33 34 8 71 72 73 9 28 27 26
12
2 26 27 28 9 37 36 35 3 25 24 23
12
3 35 36 37 9 74 75 76 10 43 42 41
12
3 41 42 43 10 64 63 62 6 40 39 38
12
4 44 45 46 9 67 66 65 7 49 48 47
12
4 53 54 55 5 59 60 61 10 52 51 50
12
4 50 51 52 10 76 75 74 9 46 45 44
12
5 56 57 58 6 62 63 64 10 61 60 59
12
7 65 66 67 9 73 72 71 8 70 69 68
