19
12
1 13 14 15 7 81 80 79 6 27 26 25
12
1 25 26 27 6 75 74 73 5 24 23 22
12
1 22 23 24 5 67 68 69 11 21 20 19
16
1 19 20 21 11 63 62 61 4 36 35 34 2 18 17 16
12
1 16 17 18 2 28 29 30 7 15 14 13
12
2 34 35 36 4 55 56 57 8 33 32 31
12
2 31 32 33 8 88 89 90 12 39 38 37
12
2 37 38 39 12 84 83 82 7 30 29 28
12
3 40 41 42 5 73 74 75 6 54 53 52
12
3 52 53 54 6 79 80 81 7 51 50 49
12
3 49 50 51 7 82 83 84 12 48 47 46
12
3 46 47 48 12 96 95 94 9 45 44 43
12
3 43 44 45 9 66 65 64 5 42 41 40
12
4 61 62 63 11 99 98 97 10 60 59 58
12
4 58 59 60 10 93 92 91 8 57 56 55
12
5 76 77 78 10 97 98 99 11 69 68 67
12
5 64 65 66 9 87 86 85 8 72 71 70
12
5 70 71 72 8 91 92 93 10 78 77 76
12
8 85 86 87 9 94 95 96 12 90 89 88
