16
12
1 12 13 14 7 59 58 57 5 23 22 21
12
1 21 22 23 5 63 64 65 11 20 19 18
20
1 18 19 20 11 86 85 84 9 47 46 45 3 39 40 41 10 17 16 15
12
1 15 16 17 10 77 76 75 7 14 13 12
12
2 30 31 32 8 81 82 83 10 26 25 24
12
2 24 25 26 10 41 40 39 3 29 28 27
12
2 27 28 29 3 42 43 44 6 35 34 33
12
2 33 34 35 6 68 67 66 5 38 37 36
12
2 36 37 38 5 60 61 62 8 32 31 30
12
3 45 46 47 9 74 73 72 6 44 43 42
12
4 54 55 56 7 75 76 77 10 53 52 51
12
4 51 52 53 10 83 82 81 8 50 49 48
12
4 48 49 50 8 80 79 78 7 56 55 54
12
5 66 67 68 6 69 70 71 11 65 64 63
12
5 57 58 59 7 78 79 80 8 62 61 60
12
6 72 73 74 9 84 85 86 11 71 70 69
