18
12
1 13 14 15 4 55 56 57 11 24 23 22
12
1 22 23 24 11 93 92 91 9 27 26 25
12
1 25 26 27 9 75 74 73 6 30 29 28
12
1 28 29 30 6 70 71 72 8 21 20 19
12
1 19 20 21 8 88 89 90 12 18 17 16
12
1 16 17 18 12 54 53 52 4 15 14 13
12
2 34 35 36 12 90 89 88 8 39 38 37
12
2 37 38 39 8 63 62 61 5 33 32 31
12
2 31 32 33 5 58 59 60 12 36 35 34
12
3 49 50 51 6 73 74 75 9 45 44 43
12
3 43 44 45 9 91 92 93 11 42 41 40
12
3 40 41 42 11 96 95 94 10 48 47 46
12
3 46 47 48 10 78 77 76 6 51 50 49
20
4 52 53 54 12 60 59 58 5 67 68 69 10 94 95 96 11 57 56 55
12
5 61 62 63 8 84 83 82 7 66 65 64
12
5 64 65 66 7 85 86 87 10 69 68 67
12
6 76 77 78 10 87 86 85 7 81 80 79
12
6 79 80 81 7 82 83 84 8 72 71 70
