18
12
1 13 14 15 6 76 77 78 10 21 20 19
20
1 19 20 21 10 39 38 37 2 28 29 30 11 94 95 96 12 27 26 25
12
1 25 26 27 12 42 41 40 3 24 23 22
12
1 22 23 24 3 43 44 45 7 18 17 16
12
1 16 17 18 7 75 74 73 6 15 14 13
12
2 34 35 36 6 51 50 49 4 33 32 31
12
2 31 32 33 4 46 47 48 11 30 29 28
12
2 37 38 39 10 78 77 76 6 36 35 34
12
3 40 41 42 12 84 83 82 7 45 44 43
12
4 49 50 51 6 73 74 75 7 54 53 52
12
4 52 53 54 7 79 80 81 8 57 56 55
12
4 55 56 57 8 88 89 90 9 60 59 58
12
4 58 59 60 9 91 92 93 11 48 47 46
12
5 61 62 63 12 96 95 94 11 66 65 64
12
5 64 65 66 11 93 92 91 9 72 71 70
12
5 70 71 72 9 90 89 88 8 69 68 67
12
5 67 68 69 8 85 86 87 12 63 62 61
12
7 82 83 84 12 87 86 85 8 81 80 79
