14
12
1 11 12 13 4 50 51 52 10 16 15 14
12
1 14 15 16 10 40 39 38 3 19 18 17
12
1 17 18 19 3 41 42 43 6 25 24 23
12
1 23 24 25 6 37 36 35 2 22 21 20
12
1 20 21 22 2 26 27 28 4 13 12 11
12
2 35 36 37 6 65 66 67 7 34 33 32
12
2 32 33 34 7 68 69 70 8 31 30 29
12
2 29 30 31 8 58 57 56 4 28 27 26
12
3 44 45 46 7 67 66 65 6 43 42 41
20
3 38 39 40 10 61 60 59 5 62 63 64 9 73 72 71 7 46 45 44
12
4 56 57 58 8 74 75 76 9 55 54 53
12
4 53 54 55 9 64 63 62 5 49 48 47
12
4 47 48 49 5 59 60 61 10 52 51 50
12
7 71 72 73 9 76 75 74 8 70 69 68
