16
12
1 12 13 14 5 66 67 68 9 17 16 15
12
1 15 16 17 9 41 40 39 3 23 22 21
12
1 21 22 23 3 45 46 47 4 20 19 18
12
1 18 19 20 4 54 55 56 5 14 13 12
12
2 30 31 32 4 60 61 62 8 35 34 33
12
2 33 34 35 8 78 79 80 11 38 37 36
12
2 36 37 38 11 74 73 72 7 26 25 24
12
2 24 25 26 7 71 70 69 6 29 28 27
12
2 27 28 29 6 59 58 57 4 32 31 30
12
3 51 52 53 11 80 79 78 8 50 49 48
12
3 48 49 50 8 62 61 60 4 47 46 45
12
3 39 40 41 9 81 82 83 10 44 43 42
12
3 42 43 44 10 84 85 86 11 53 52 51
12
4 57 58 59 6 65 64 63 5 56 55 54
20
5 63 64 65 6 69 70 71 7 75 76 77 10 83 82 81 9 68 67 66
12
7 72 73 74 11 86 85 84 10 77 76 75
