18
12
1 13 14 15 8 63 62 61 5 21 20 19
12
1 19 20 21 5 70 71 72 6 24 23 22
20
1 22 23 24 6 73 74 75 12 51 50 49 3 43 44 45 7 18 17 16
12
1 16 17 18 7 82 83 84 8 15 14 13
12
2 37 38 39 8 84 83 82 7 30 29 28
12
2 28 29 30 7 79 80 81 10 27 26 25
12
2 25 26 27 10 54 53 52 4 36 35 34
12
2 34 35 36 4 55 56 57 9 33 32 31
12
2 31 32 33 9 87 86 85 8 39 38 37
12
3 40 41 42 10 81 80 79 7 45 44 43
12
3 49 50 51 12 60 59 58 4 48 47 46
12
3 46 47 48 4 52 53 54 10 42 41 40
12
4 58 59 60 12 90 89 88 9 57 56 55
12
5 64 65 66 9 91 92 93 11 69 68 67
12
5 67 68 69 11 78 77 76 6 72 71 70
12
5 61 62 63 8 85 86 87 9 66 65 64
12
6 76 77 78 11 94 95 96 12 75 74 73
12
9 88 89 90 12 96 95 94 11 93 92 91
