16
12
1 12 13 14 3 42 43 44 7 17 16 15
12
1 15 16 17 7 75 76 77 8 23 22 21
12
1 21 22 23 8 71 70 69 6 20 19 18
12
1 18 19 20 6 41 40 39 3 14 13 12
12
2 24 25 26 3 39 40 41 6 32 31 30
12
2 30 31 32 6 66 67 68 9 35 34 33
12
2 33 34 35 9 81 82 83 11 29 28 27
12
2 27 28 29 11 38 37 36 3 26 25 24
20
3 36 37 38 11 83 82 81 9 47 46 45 4 54 55 56 7 44 43 42
12
4 45 46 47 9 84 85 86 10 50 49 48
12
4 48 49 50 10 59 58 57 5 53 52 51
12
4 51 52 53 5 63 64 65 7 56 55 54
12
5 57 58 59 10 80 79 78 8 62 61 60
12
5 60 61 62 8 77 76 75 7 65 64 63
12
6 69 70 71 8 78 79 80 10 74 73 72
12
6 72 73 74 10 86 85 84 9 68 67 66
