15
12
1 12 13 14 9 74 73 72 8 17 16 15
12
1 15 16 17 8 56 55 54 4 20 19 18
12
1 18 19 20 4 51 52 53 6 23 22 21
20
1 21 22 23 6 66 67 68 11 59 58 57 5 60 61 62 7 26 25 24
12
1 24 25 26 7 69 70 71 9 14 13 12
12
2 33 34 35 9 71 70 69 7 38 37 36
12
2 36 37 38 7 62 61 60 5 41 40 39
16
2 39 40 41 5 47 46 45 3 42 43 44 11 29 28 27
12
2 27 28 29 11 83 82 81 10 32 31 30
12
2 30 31 32 10 80 79 78 9 35 34 33
12
3 45 46 47 5 57 58 59 11 44 43 42
12
4 54 55 56 8 75 76 77 10 50 49 48
12
4 48 49 50 10 65 64 63 6 53 52 51
12
6 63 64 65 10 81 82 83 11 68 67 66
12
8 72 73 74 9 78 79 80 10 77 76 75
