16
12
1 12 13 14 3 42 43 44 9 20 19 18
12
1 18 19 20 9 81 82 83 11 23 22 21
20
1 21 22 23 11 62 61 60 5 35 34 33 2 27 28 29 8 17 16 15
12
1 15 16 17 8 38 37 36 3 14 13 12
12
2 33 34 35 5 66 67 68 10 32 31 30
12
2 30 31 32 10 80 79 78 7 26 25 24
12
2 24 25 26 7 72 73 74 8 29 28 27
12
3 36 37 38 8 74 73 72 7 41 40 39
12
3 39 40 41 7 75 76 77 9 44 43 42
12
4 54 55 56 9 84 85 86 10 59 58 57
12
4 57 58 59 10 71 70 69 6 53 52 51
12
4 51 52 53 6 65 64 63 5 47 46 45
12
4 45 46 47 5 60 61 62 11 50 49 48
12
4 48 49 50 11 83 82 81 9 56 55 54
12
5 63 64 65 6 69 70 71 10 68 67 66
12
7 78 79 80 10 86 85 84 9 77 76 75
