16
12
1 12 13 14 6 69 70 71 10 23 22 21
12
1 21 22 23 10 77 76 75 8 26 25 24
12
1 24 25 26 8 81 82 83 11 29 28 27
12
1 27 28 29 11 38 37 36 2 20 19 18
12
1 18 19 20 2 30 31 32 3 17 16 15
12
1 15 16 17 3 39 40 41 6 14 13 12
12
2 36 37 38 11 50 49 48 4 35 34 33
12
2 33 34 35 4 47 46 45 3 32 31 30
20
3 45 46 47 4 54 55 56 7 72 73 74 8 78 79 80 9 44 43 42
12
3 42 43 44 9 68 67 66 6 41 40 39
12
4 48 49 50 11 65 64 63 5 53 52 51
12
4 51 52 53 5 60 61 62 7 56 55 54
12
5 63 64 65 11 83 82 81 8 59 58 57
12
5 57 58 59 8 74 73 72 7 62 61 60
12
6 66 67 68 9 84 85 86 10 71 70 69
12
8 75 76 77 10 86 85 84 9 80 79 78
