16
20
1 12 13 14 9 74 73 72 6 62 61 60 5 69 70 71 11 26 25 24
12
1 24 25 26 11 77 76 75 7 23 22 21
12
1 21 22 23 7 81 82 83 10 20 19 18
12
1 18 19 20 10 47 46 45 3 17 16 15
12
1 15 16 17 3 42 43 44 9 14 13 12
12
2 27 28 29 3 48 49 50 4 38 37 36
12
2 36 37 38 4 57 58 59 5 35 34 33
12
2 33 34 35 5 60 61 62 6 32 31 30
12
2 30 31 32 6 41 40 39 3 29 28 27
12
3 45 46 47 10 53 52 51 4 50 49 48
12
3 39 40 41 6 72 73 74 9 44 43 42
12
4 51 52 53 10 86 85 84 8 56 55 54
12
4 54 55 56 8 65 64 63 5 59 58 57
12
5 63 64 65 8 80 79 78 7 68 67 66
12
5 66 67 68 7 75 76 77 11 71 70 69
12
7 78 79 80 8 84 85 86 10 83 82 81
