16
12
1 12 13 14 10 59 58 57 5 26 25 24
12
1 24 25 26 5 66 67 68 8 29 28 27
12
1 27 28 29 8 35 34 33 2 23 22 21
12
1 21 22 23 2 30 31 32 11 20 19 18
12
1 18 19 20 11 56 55 54 4 17 16 15
12
1 15 16 17 4 48 49 50 10 14 13 12
20
2 36 37 38 3 39 40 41 7 53 52 51 4 54 55 56 11 32 31 30
12
2 33 34 35 8 47 46 45 3 38 37 36
12
3 45 46 47 8 81 82 83 9 44 43 42
12
3 42 43 44 9 80 79 78 7 41 40 39
12
4 51 52 53 7 75 76 77 10 50 49 48
12
5 57 58 59 10 74 73 72 6 62 61 60
12
5 60 61 62 6 69 70 71 9 65 64 63
12
5 63 64 65 9 83 82 81 8 68 67 66
12
6 72 73 74 10 86 85 84 9 71 70 69
12
7 78 79 80 9 84 85 86 10 77 76 75
