14
12
1 11 12 13 5 59 60 61 6 16 15 14
12
1 14 15 16 6 25 24 23 2 22 21 20
12
1 20 21 22 2 26 27 28 7 19 18 17
12
1 17 18 19 7 64 63 62 5 13 12 11
12
2 29 30 31 9 70 69 68 7 28 27 26
20
2 23 24 25 6 61 60 59 5 65 66 67 10 76 75 74 8 34 33 32
12
2 32 33 34 8 71 72 73 9 31 30 29
12
3 41 42 43 5 62 63 64 7 40 39 38
12
3 38 39 40 7 68 69 70 9 37 36 35
12
3 35 36 37 9 52 51 50 4 49 48 47
12
3 47 48 49 4 56 57 58 10 46 45 44
12
3 44 45 46 10 67 66 65 5 43 42 41
12
4 53 54 55 8 74 75 76 10 58 57 56
12
4 50 51 52 9 73 72 71 8 55 54 53
