15
12
1 11 12 13 4 50 51 52 8 19 18 17
12
1 17 18 19 8 43 42 41 3 25 24 23
12
1 23 24 25 3 40 39 38 2 22 21 20
16
1 20 21 22 2 35 36 37 9 61 60 59 5 16 15 14
12
1 14 15 16 5 46 45 44 4 13 12 11
12
2 38 39 40 3 41 42 43 8 31 30 29
12
2 29 30 31 8 64 63 62 6 28 27 26
12
2 26 27 28 6 65 66 67 10 34 33 32
12
2 32 33 34 10 79 78 77 9 37 36 35
12
4 44 45 46 5 59 60 61 9 49 48 47
12
4 47 48 49 9 73 72 71 7 58 57 56
12
4 56 57 58 7 70 69 68 6 55 54 53
12
4 53 54 55 6 62 63 64 8 52 51 50
12
6 68 69 70 7 74 75 76 10 67 66 65
12
7 71 72 73 9 77 78 79 10 76 75 74
