16
12
1 12 13 14 2 27 28 29 4 17 16 15
12
1 15 16 17 4 45 46 47 7 23 22 21
12
1 21 22 23 7 65 64 63 5 20 19 18
12
1 18 19 20 5 32 31 30 2 14 13 12
12
2 30 31 32 5 51 52 53 6 35 34 33
12
2 33 34 35 6 41 40 39 3 26 25 24
12
2 24 25 26 3 36 37 38 4 29 28 27
12
3 39 40 41 6 66 67 68 8 44 43 42
20
3 42 43 44 8 78 79 80 10 83 82 81 9 50 49 48 4 38 37 36
12
4 48 49 50 9 74 73 72 7 47 46 45
12
5 63 64 65 7 69 70 71 10 62 61 60
12
5 60 61 62 10 84 85 86 11 59 58 57
12
5 57 58 59 11 77 76 75 8 56 55 54
12
5 54 55 56 8 68 67 66 6 53 52 51
12
7 72 73 74 9 81 82 83 10 71 70 69
12
8 75 76 77 11 86 85 84 10 80 79 78
