14
12
1 11 12 13 3 35 36 37 6 19 18 17
12
1 17 18 19 6 68 69 70 7 16 15 14
12
1 14 15 16 7 34 33 32 3 13 12 11
20
2 23 24 25 3 32 33 34 7 49 48 47 4 59 60 61 10 31 30 29
12
2 29 30 31 10 76 75 74 9 28 27 26
12
2 26 27 28 9 67 66 65 5 22 21 20
12
2 20 21 22 5 43 42 41 3 25 24 23
12
3 41 42 43 5 62 63 64 8 40 39 38
12
3 38 39 40 8 73 72 71 6 37 36 35
12
4 53 54 55 5 65 66 67 9 58 57 56
12
4 56 57 58 9 74 75 76 10 61 60 59
12
4 47 48 49 7 70 69 68 6 46 45 44
12
4 44 45 46 6 71 72 73 8 52 51 50
12
4 50 51 52 8 64 63 62 5 55 54 53
