14
12
1 11 12 13 3 44 45 46 6 19 18 17
12
1 17 18 19 6 68 69 70 8 22 21 20
12
1 20 21 22 8 74 75 76 9 16 15 14
12
1 14 15 16 9 37 36 35 3 13 12 11
12
2 32 33 34 10 58 57 56 5 25 24 23
12
2 23 24 25 5 59 60 61 7 28 27 26
12
2 26 27 28 7 64 63 62 6 31 30 29
12
2 29 30 31 6 65 66 67 10 34 33 32
12
3 35 36 37 9 55 54 53 4 40 39 38
12
3 38 39 40 4 47 48 49 10 43 42 41
12
3 41 42 43 10 67 66 65 6 46 45 44
20
4 53 54 55 9 76 75 74 8 73 72 71 7 61 60 59 5 52 51 50
12
4 50 51 52 5 56 57 58 10 49 48 47
12
6 62 63 64 7 71 72 73 8 70 69 68
