14
12
1 11 12 13 2 26 27 28 3 22 21 20
12
1 20 21 22 3 35 36 37 6 19 18 17
20
1 17 18 19 6 59 60 61 10 70 69 68 7 62 63 64 9 16 15 14
12
1 14 15 16 9 25 24 23 2 13 12 11
12
2 23 24 25 9 73 72 71 8 31 30 29
12
2 29 30 31 8 43 42 41 4 34 33 32
12
2 32 33 34 4 40 39 38 3 28 27 26
12
3 38 39 40 4 47 48 49 6 37 36 35
12
4 44 45 46 10 61 60 59 6 49 48 47
12
4 41 42 43 8 74 75 76 10 46 45 44
12
5 53 54 55 7 68 69 70 10 52 51 50
12
5 50 51 52 10 76 75 74 8 58 57 56
12
5 56 57 58 8 67 66 65 7 55 54 53
12
7 65 66 67 8 71 72 73 9 64 63 62
