18
12
1 13 14 15 5 61 62 63 12 18 17 16
12
1 16 17 18 12 93 92 91 10 24 23 22
12
1 22 23 24 10 84 83 82 7 21 20 19
12
1 19 20 21 7 66 65 64 5 15 14 13
12
2 34 35 36 4 46 47 48 8 33 32 31
12
2 31 32 33 8 81 80 79 7 30 29 28
12
2 28 29 30 7 72 71 70 6 27 26 25
12
2 25 26 27 6 57 56 55 4 36 35 34
12
3 37 38 39 11 90 89 88 9 45 44 43
20
3 43 44 45 9 51 50 49 4 52 53 54 10 91 92 93 12 42 41 40
12
3 40 41 42 12 96 95 94 11 39 38 37
12
4 49 50 51 9 87 86 85 8 48 47 46
12
4 55 56 57 6 67 68 69 10 54 53 52
12
5 64 65 66 7 73 74 75 11 60 59 58
12
5 58 59 60 11 94 95 96 12 63 62 61
12
6 70 71 72 7 82 83 84 10 69 68 67
12
7 79 80 81 8 85 86 87 9 78 77 76
12
7 76 77 78 9 88 89 90 11 75 74 73
