16
12
1 12 13 14 6 47 46 45 4 20 19 18
12
1 18 19 20 4 51 52 53 7 23 22 21
20
1 21 22 23 7 72 73 74 9 81 82 83 11 29 28 27 2 17 16 15
12
1 15 16 17 2 24 25 26 6 14 13 12
12
2 27 28 29 11 86 85 84 10 32 31 30
12
2 30 31 32 10 68 67 66 6 26 25 24
12
3 36 37 38 9 77 76 75 8 35 34 33
12
3 33 34 35 8 62 61 60 5 41 40 39
12
3 39 40 41 5 63 64 65 10 44 43 42
12
3 42 43 44 10 80 79 78 9 38 37 36
12
4 48 49 50 5 57 58 59 7 53 52 51
12
4 45 46 47 6 56 55 54 5 50 49 48
12
5 60 61 62 8 71 70 69 7 59 58 57
12
5 54 55 56 6 66 67 68 10 65 64 63
12
7 69 70 71 8 75 76 77 9 74 73 72
12
9 78 79 80 10 84 85 86 11 83 82 81
