18
12
1 13 14 15 4 49 50 51 6 30 29 28
12
1 28 29 30 6 64 65 66 8 24 23 22
12
1 22 23 24 8 79 80 81 12 21 20 19
12
1 19 20 21 12 96 95 94 11 27 26 25
20
1 25 26 27 11 93 92 91 10 45 44 43 3 36 35 34 2 18 17 16
12
1 16 17 18 2 31 32 33 4 15 14 13
12
2 34 35 36 3 46 47 48 6 39 38 37
12
2 37 38 39 6 51 50 49 4 33 32 31
12
3 43 44 45 10 75 74 73 7 42 41 40
12
3 40 41 42 7 72 71 70 6 48 47 46
12
5 61 62 63 12 90 89 88 9 60 59 58
12
5 58 59 60 9 85 86 87 10 57 56 55
12
5 55 56 57 10 91 92 93 11 54 53 52
12
5 52 53 54 11 94 95 96 12 63 62 61
12
6 70 71 72 7 76 77 78 9 69 68 67
12
6 67 68 69 9 84 83 82 8 66 65 64
12
7 73 74 75 10 87 86 85 9 78 77 76
12
8 82 83 84 9 88 89 90 12 81 80 79
