14
12
1 11 12 13 10 31 30 29 3 19 18 17
12
1 17 18 19 3 28 27 26 2 16 15 14
12
1 14 15 16 2 20 21 22 10 13 12 11
20
2 26 27 28 3 32 33 34 5 37 36 35 4 44 45 46 8 25 24 23
12
2 23 24 25 8 68 69 70 10 22 21 20
12
3 29 30 31 10 49 48 47 5 34 33 32
12
4 35 36 37 5 53 54 55 6 40 39 38
12
4 38 39 40 6 59 60 61 7 43 42 41
12
4 41 42 43 7 65 66 67 8 46 45 44
12
5 47 48 49 10 76 75 74 9 52 51 50
12
5 50 51 52 9 58 57 56 6 55 54 53
12
6 56 57 58 9 64 63 62 7 61 60 59
12
7 62 63 64 9 73 72 71 8 67 66 65
12
8 71 72 73 9 74 75 76 10 70 69 68
