14
12
1 11 12 13 5 59 60 61 8 19 18 17
12
1 17 18 19 8 52 51 50 4 22 21 20
12
1 20 21 22 4 53 54 55 7 16 15 14
12
1 14 15 16 7 58 57 56 5 13 12 11
20
2 23 24 25 3 38 39 40 5 56 57 58 7 70 69 68 6 31 30 29
12
2 29 30 31 6 62 63 64 10 28 27 26
12
2 26 27 28 10 34 33 32 3 25 24 23
12
3 32 33 34 10 76 75 74 8 37 36 35
12
3 35 36 37 8 61 60 59 5 40 39 38
12
4 41 42 43 10 64 63 62 6 46 45 44
12
4 44 45 46 6 65 66 67 9 49 48 47
12
4 47 48 49 9 73 72 71 7 55 54 53
12
4 50 51 52 8 74 75 76 10 43 42 41
12
6 68 69 70 7 71 72 73 9 67 66 65
