17
12
1 12 13 14 7 80 79 78 6 20 19 18
12
1 18 19 20 6 81 82 83 10 26 25 24
12
1 24 25 26 10 44 43 42 2 29 28 27
12
1 27 28 29 2 45 46 47 11 32 31 30
12
1 30 31 32 11 89 88 87 9 23 22 21
12
1 21 22 23 9 59 58 57 3 17 16 15
12
1 15 16 17 3 51 52 53 7 14 13 12
12
2 36 37 38 3 57 58 59 9 41 40 39
12
2 39 40 41 9 87 88 89 11 47 46 45
12
2 42 43 44 10 74 73 72 5 50 49 48
12
2 48 49 50 5 71 70 69 4 35 34 33
12
2 33 34 35 4 56 55 54 3 38 37 36
16
3 54 55 56 4 63 64 65 8 86 85 84 7 53 52 51
12
4 69 70 71 5 72 73 74 10 68 67 66
12
4 66 67 68 10 83 82 81 6 62 61 60
12
4 60 61 62 6 75 76 77 8 65 64 63
12
6 78 79 80 7 84 85 86 8 77 76 75
