14
12
1 11 12 13 3 47 48 49 9 16 15 14
12
1 14 15 16 9 73 72 71 7 25 24 23
12
1 23 24 25 7 70 69 68 6 28 27 26
12
1 26 27 28 6 65 66 67 10 22 21 20
12
1 20 21 22 10 76 75 74 8 19 18 17
12
1 17 18 19 8 43 42 41 3 13 12 11
12
2 29 30 31 8 74 75 76 10 37 36 35
12
2 35 36 37 10 52 51 50 4 40 39 38
20
2 38 39 40 4 56 57 58 9 49 48 47 3 44 45 46 5 34 33 32
12
2 32 33 34 5 62 63 64 8 31 30 29
12
3 41 42 43 8 64 63 62 5 46 45 44
12
4 50 51 52 10 67 66 65 6 61 60 59
12
4 59 60 61 6 68 69 70 7 55 54 53
12
4 53 54 55 7 71 72 73 9 58 57 56
