14
12
1 11 12 13 10 70 69 68 7 19 18 17
12
1 17 18 19 7 52 51 50 4 22 21 20
12
1 20 21 22 4 47 48 49 8 25 24 23
12
1 23 24 25 8 31 30 29 2 16 15 14
12
1 14 15 16 2 26 27 28 10 13 12 11
16
2 29 30 31 8 71 72 73 9 74 75 76 10 28 27 26
12
3 41 42 43 4 50 51 52 7 37 36 35
12
3 35 36 37 7 65 66 67 9 34 33 32
12
3 32 33 34 9 61 60 59 6 40 39 38
12
3 38 39 40 6 46 45 44 4 43 42 41
12
4 44 45 46 6 62 63 64 8 49 48 47
16
5 56 57 58 9 67 66 65 7 68 69 70 10 55 54 53
12
5 53 54 55 10 76 75 74 9 58 57 56
12
6 59 60 61 9 73 72 71 8 64 63 62
