14
12
1 11 12 13 2 23 24 25 10 19 18 17
20
1 17 18 19 10 46 45 44 4 53 54 55 9 73 72 71 7 16 15 14
12
1 14 15 16 7 22 21 20 2 13 12 11
12
2 20 21 22 7 37 36 35 3 31 30 29
12
2 29 30 31 3 38 39 40 5 28 27 26
12
2 26 27 28 5 59 60 61 10 25 24 23
12
3 35 36 37 7 71 72 73 9 34 33 32
12
3 32 33 34 9 76 75 74 8 43 42 41
12
3 41 42 43 8 64 63 62 5 40 39 38
12
4 44 45 46 10 67 66 65 6 49 48 47
12
4 47 48 49 6 68 69 70 8 52 51 50
12
4 50 51 52 8 74 75 76 9 55 54 53
12
5 62 63 64 8 70 69 68 6 58 57 56
12
5 56 57 58 6 65 66 67 10 61 60 59
