17
12
1 12 13 14 2 33 34 35 6 20 19 18
12
1 18 19 20 6 75 76 77 9 29 28 27
12
1 27 28 29 9 68 67 66 5 26 25 24
12
1 24 25 26 5 63 64 65 7 23 22 21
12
1 21 22 23 7 59 58 57 4 17 16 15
12
1 15 16 17 4 38 37 36 2 14 13 12
12
2 36 37 38 4 60 61 62 8 41 40 39
12
2 39 40 41 8 84 85 86 11 32 31 30
12
2 30 31 32 11 74 73 72 6 35 34 33
12
3 42 43 44 11 86 85 84 8 56 55 54
12
3 54 55 56 8 83 82 81 7 53 52 51
12
3 51 52 53 7 65 64 63 5 50 49 48
16
3 48 49 50 5 69 70 71 10 80 79 78 6 47 46 45
12
3 45 46 47 6 72 73 74 11 44 43 42
12
4 57 58 59 7 81 82 83 8 62 61 60
12
5 66 67 68 9 87 88 89 10 71 70 69
12
6 78 79 80 10 89 88 87 9 77 76 75
