18
9
1 13 14 5 47 48 7 16 15
9
1 15 16 7 36 35 3 20 19
9
1 19 20 3 29 30 6 18 17
9
1 17 18 6 52 51 5 14 13
9
2 25 26 5 49 50 10 28 27
15
2 27 28 10 32 31 3 37 38 12 64 63 8 24 23
9
2 23 24 8 61 62 11 22 21
9
2 21 22 11 46 45 5 26 25
9
3 35 36 7 59 60 9 34 33
9
3 33 34 9 65 66 12 38 37
9
3 31 32 10 54 53 6 30 29
9
4 43 44 9 60 59 7 42 41
9
4 41 42 7 55 56 12 40 39
9
4 39 40 12 66 65 9 44 43
9
5 51 52 6 53 54 10 50 49
9
5 45 46 11 58 57 7 48 47
9
7 57 58 11 67 68 12 56 55
9
8 63 64 12 68 67 11 62 61
