25
18
1 17 18 9 75 76 10 79 80 11 85 86 12 74 73 8 26 25
9
1 25 26 8 44 43 3 24 23
9
1 23 24 3 34 33 2 22 21
9
1 21 22 2 31 32 4 20 19
9
1 19 20 4 47 48 9 18 17
9
2 33 34 3 45 46 7 36 35
9
2 35 36 7 72 71 6 28 27
9
2 27 28 6 65 66 10 30 29
9
2 29 30 10 81 82 14 38 37
9
2 37 38 14 50 49 4 32 31
9
3 39 40 6 71 72 7 46 45
9
3 43 44 8 73 74 12 42 41
9
3 41 42 12 70 69 6 40 39
9
4 49 50 14 91 92 16 52 51
9
4 51 52 16 88 87 13 54 53
9
4 53 54 13 78 77 9 48 47
9
5 57 58 10 76 75 9 56 55
9
5 55 56 9 77 78 13 62 61
9
5 61 62 13 89 90 15 64 63
9
5 63 64 15 93 94 16 60 59
9
5 59 60 16 84 83 10 58 57
9
6 69 70 12 86 85 11 68 67
9
6 67 68 11 80 79 10 66 65
9
10 83 84 16 92 91 14 82 81
9
13 87 88 16 94 93 15 90 89
