21
9
1 15 16 8 65 66 12 18 17
9
1 17 18 12 79 80 13 22 21
9
1 21 22 13 34 33 2 20 19
9
1 19 20 2 31 32 8 16 15
9
2 33 34 13 72 71 9 30 29
9
2 29 30 9 38 37 3 28 27
9
2 27 28 3 39 40 6 24 23
9
2 23 24 6 57 58 14 26 25
9
2 25 26 14 68 67 8 32 31
9
3 37 38 9 69 70 10 36 35
9
3 35 36 10 46 45 4 42 41
9
3 41 42 4 47 48 6 40 39
9
4 45 46 10 60 59 7 44 43
18
4 43 44 7 63 64 11 75 76 12 77 78 14 58 57 6 48 47
9
5 49 50 7 61 62 9 52 51
9
5 51 52 9 71 72 13 54 53
9
5 53 54 13 74 73 11 56 55
9
5 55 56 11 64 63 7 50 49
9
7 59 60 10 70 69 9 62 61
9
8 67 68 14 78 77 12 66 65
9
11 73 74 13 80 79 12 76 75
