18
9
1 13 14 4 39 40 8 18 17
9
1 17 18 8 58 57 7 20 19
9
1 19 20 7 55 56 9 16 15
9
1 15 16 9 38 37 4 14 13
9
2 27 28 7 54 53 6 26 25
9
2 25 26 6 49 50 10 22 21
9
2 21 22 10 62 61 9 24 23
9
2 23 24 9 56 55 7 28 27
9
3 33 34 4 41 42 10 36 35
9
3 35 36 10 65 66 12 30 29
9
3 29 30 12 60 59 8 32 31
9
3 31 32 8 40 39 4 34 33
9
4 37 38 9 61 62 10 42 41
15
5 45 46 8 59 60 12 68 67 11 52 51 6 48 47
9
5 47 48 6 53 54 7 44 43
9
5 43 44 7 57 58 8 46 45
9
6 51 52 11 64 63 10 50 49
9
10 63 64 11 67 68 12 66 65
