21
9
1 15 16 12 77 78 14 18 17
9
1 17 18 14 70 69 9 20 19
9
1 19 20 9 66 65 8 26 25
9
1 25 26 8 67 68 10 22 21
9
1 21 22 10 54 53 6 24 23
9
1 23 24 6 57 58 12 16 15
9
2 33 34 6 38 37 3 32 31
9
2 31 32 3 39 40 4 28 27
9
2 27 28 4 45 46 11 30 29
9
2 29 30 11 75 76 13 36 35
9
2 35 36 13 56 55 6 34 33
9
3 37 38 6 53 54 10 44 43
9
3 43 44 10 52 51 5 42 41
9
3 41 42 5 48 47 4 40 39
9
4 47 48 5 49 50 11 46 45
18
5 51 52 10 68 67 8 64 63 7 61 62 14 72 71 11 50 49
9
6 55 56 13 80 79 12 58 57
9
7 63 64 8 65 66 9 60 59
9
7 59 60 9 69 70 14 62 61
9
11 71 72 14 78 77 12 74 73
9
11 73 74 12 79 80 13 76 75
