22
9
1 15 16 4 55 56 12 20 19
9
1 19 20 12 76 75 9 26 25
9
1 25 26 9 64 63 5 24 23
9
1 23 24 5 61 62 11 22 21
9
1 21 22 11 42 41 3 18 17
9
1 17 18 3 39 40 4 16 15
9
2 37 38 3 43 44 5 36 35
9
2 35 36 5 59 60 13 34 33
9
2 33 34 13 68 67 6 32 31
9
2 31 32 6 65 66 8 28 27
9
2 27 28 8 73 74 10 30 29
15
2 29 30 10 70 69 7 48 47 4 40 39 3 38 37
9
3 41 42 11 62 61 5 44 43
9
4 47 48 7 71 72 8 46 45
9
4 45 46 8 66 65 6 50 49
9
4 49 50 6 67 68 13 52 51
9
4 51 52 13 81 82 14 54 53
9
4 53 54 14 78 77 12 56 55
9
5 63 64 9 75 76 12 58 57
9
5 57 58 12 79 80 13 60 59
9
7 69 70 10 74 73 8 72 71
9
12 77 78 14 82 81 13 80 79
