19
9
1 14 15 12 55 54 6 17 16
18
1 16 17 6 58 59 11 27 26 2 22 23 9 70 71 13 19 18
9
1 18 19 13 73 72 12 15 14
9
2 20 21 3 30 31 9 23 22
9
2 26 27 11 65 64 8 29 28
9
2 28 29 8 66 67 10 25 24
9
2 24 25 10 33 32 3 21 20
9
3 36 37 5 52 53 7 35 34
9
3 34 35 7 62 63 9 31 30
9
3 32 33 10 45 44 4 39 38
9
3 38 39 4 42 43 5 37 36
9
4 44 45 10 67 66 8 41 40
9
4 40 41 8 51 50 5 43 42
9
5 46 47 12 61 60 7 53 52
9
5 50 51 8 57 56 6 49 48
9
5 48 49 6 54 55 12 47 46
9
6 56 57 8 64 65 11 59 58
9
7 60 61 12 69 68 9 63 62
9
9 68 69 12 72 73 13 71 70
