21
9
1 15 16 8 69 70 11 22 21
9
1 21 22 11 52 51 5 24 23
9
1 23 24 5 45 46 14 20 19
9
1 19 20 14 58 57 6 18 17
9
1 17 18 6 55 56 8 16 15
9
2 27 28 6 57 58 14 26 25
9
2 25 26 14 80 79 13 32 31
9
2 31 32 13 78 77 12 30 29
9
2 29 30 12 60 59 6 28 27
9
3 37 38 9 44 43 4 36 35
9
3 35 36 4 41 42 12 34 33
9
3 33 34 12 77 78 13 40 39
9
3 39 40 13 74 73 9 38 37
18
4 43 44 9 66 65 7 63 64 8 56 55 6 59 60 12 42 41
9
5 51 52 11 76 75 10 48 47
9
5 47 48 10 72 71 9 50 49
9
5 49 50 9 73 74 13 54 53
9
5 53 54 13 79 80 14 46 45
9
7 61 62 10 68 67 8 64 63
9
7 65 66 9 71 72 10 62 61
9
8 67 68 10 75 76 11 70 69
