26
9
1 17 18 15 66 65 7 22 21
9
1 21 22 7 52 51 5 24 23
9
1 23 24 5 47 48 6 20 19
9
1 19 20 6 57 58 15 18 17
15
2 27 28 3 35 36 13 82 81 9 77 78 16 30 29
9
2 29 30 16 88 87 10 26 25
9
2 25 26 10 32 31 3 28 27
9
3 33 34 4 41 42 13 36 35
9
3 31 32 10 38 37 4 34 33
9
4 39 40 6 59 60 12 44 43
9
4 43 44 12 89 90 13 42 41
9
4 37 38 10 56 55 6 40 39
9
5 51 52 7 67 68 11 50 49
9
5 49 50 11 70 69 8 46 45
9
5 45 46 8 54 53 6 48 47
9
6 53 54 8 73 74 12 60 59
9
6 55 56 10 85 86 15 58 57
9
7 61 62 16 78 77 9 64 63
9
7 63 64 9 79 80 11 68 67
9
7 65 66 15 95 96 16 62 61
9
8 69 70 11 80 79 9 72 71
9
8 71 72 9 83 84 14 76 75
9
8 75 76 14 92 91 12 74 73
9
9 81 82 13 93 94 14 84 83
9
10 87 88 16 96 95 15 86 85
9
12 91 92 14 94 93 13 90 89
