25
9
1 17 18 11 80 79 10 26 25
9
1 25 26 10 83 84 16 24 23
9
1 23 24 16 92 91 13 22 21
18
1 21 22 13 62 61 5 59 60 9 64 63 6 36 35 2 20 19
9
1 19 20 2 27 28 11 18 17
9
2 35 36 6 65 66 14 34 33
9
2 33 34 14 90 89 12 32 31
9
2 31 32 12 78 77 8 30 29
9
2 29 30 8 73 74 11 28 27
9
3 45 46 15 68 67 7 48 47
9
3 47 48 7 56 55 4 40 39
9
3 39 40 4 53 54 5 38 37
9
3 37 38 5 61 62 13 42 41
9
3 41 42 13 91 92 16 44 43
9
3 43 44 16 94 93 15 46 45
9
4 55 56 7 71 72 14 58 57
9
4 57 58 14 66 65 6 50 49
9
4 49 50 6 63 64 9 52 51
9
4 51 52 9 60 59 5 54 53
9
7 67 68 15 88 87 12 70 69
9
7 69 70 12 89 90 14 72 71
9
8 77 78 12 87 88 15 76 75
9
8 75 76 15 86 85 11 74 73
9
10 79 80 11 85 86 15 82 81
9
10 81 82 15 93 94 16 84 83
