19
9
1 14 15 8 45 44 4 21 20
9
1 20 21 4 46 47 11 19 18
9
1 18 19 11 70 71 12 23 22
9
1 22 23 12 72 73 13 25 24
9
1 24 25 13 39 38 3 17 16
9
1 16 17 3 36 37 8 15 14
9
2 28 29 3 38 39 13 31 30
9
2 30 31 13 63 62 7 33 32
18
2 32 33 7 60 61 11 47 46 4 42 43 5 52 53 10 27 26
9
2 26 27 10 35 34 3 29 28
9
3 34 35 10 65 64 8 37 36
9
4 44 45 8 55 54 6 41 40
9
4 40 41 6 49 48 5 43 42
9
5 48 49 6 56 57 9 51 50
9
5 50 51 9 68 69 10 53 52
9
6 54 55 8 66 67 9 57 56
9
7 62 63 13 73 72 12 59 58
9
7 58 59 12 71 70 11 61 60
9
8 64 65 10 69 68 9 67 66
