19
9
1 14 15 3 30 31 10 17 16
18
1 16 17 10 70 71 12 61 60 7 58 59 13 57 56 6 21 20
9
1 20 21 6 27 26 2 19 18
9
1 18 19 2 24 25 3 15 14
9
2 26 27 6 56 57 13 29 28
9
2 28 29 13 73 72 11 23 22
9
2 22 23 11 39 38 3 25 24
9
3 38 39 11 55 54 5 33 32
9
3 32 33 5 48 49 8 35 34
9
3 34 35 8 64 65 9 37 36
9
3 36 37 9 66 67 10 31 30
9
4 40 41 5 52 53 7 43 42
9
4 42 43 7 60 61 12 47 46
9
4 46 47 12 63 62 8 45 44
9
4 44 45 8 49 48 5 41 40
9
5 54 55 11 72 73 13 51 50
9
5 50 51 13 59 58 7 53 52
9
8 62 63 12 69 68 9 65 64
9
9 68 69 12 71 70 10 67 66
