26
9
1 17 18 5 49 50 8 22 21
9
1 21 22 8 44 43 4 24 23
9
1 23 24 4 45 46 12 20 19
9
1 19 20 12 48 47 5 18 17
9
2 27 28 9 40 39 3 32 31
9
2 31 32 3 35 36 7 30 29
9
2 29 30 7 65 66 14 26 25
9
2 25 26 14 76 75 9 28 27
9
3 39 40 9 73 74 16 38 37
9
3 37 38 16 92 91 13 34 33
9
3 33 34 13 64 63 7 36 35
9
4 43 44 8 67 68 9 42 41
9
4 41 42 9 77 78 12 46 45
15
5 47 48 12 89 90 14 66 65 7 58 57 6 54 53
9
5 53 54 6 61 62 11 52 51
9
5 51 52 11 72 71 8 50 49
9
6 55 56 13 80 79 10 60 59
9
6 59 60 10 81 82 11 62 61
9
6 57 58 7 63 64 13 56 55
9
8 71 72 11 85 86 16 70 69
9
8 69 70 16 74 73 9 68 67
9
9 75 76 14 90 89 12 78 77
9
10 79 80 13 93 94 15 84 83
9
10 83 84 15 88 87 11 82 81
9
11 87 88 15 95 96 16 86 85
9
13 91 92 16 96 95 15 94 93
