24
9
1 16 17 6 62 63 14 19 18
9
1 18 19 14 65 64 7 27 26
9
1 26 27 7 37 36 2 25 24
9
1 24 25 2 34 35 12 23 22
9
1 22 23 12 43 42 3 21 20
9
1 20 21 3 38 39 6 17 16
9
2 36 37 7 68 69 11 33 32
9
2 32 33 11 84 85 15 29 28
9
2 28 29 15 89 88 13 31 30
9
2 30 31 13 87 86 12 35 34
9
3 42 43 12 47 46 4 41 40
9
3 40 41 4 44 45 6 39 38
9
4 46 47 12 86 87 13 49 48
9
4 48 49 13 77 76 9 51 50
9
4 50 51 9 61 60 5 53 52
15
4 52 53 5 56 57 10 82 83 14 63 62 6 45 44
9
5 54 55 15 79 78 10 57 56
9
5 60 61 9 76 77 13 59 58
9
5 58 59 13 88 89 15 55 54
9
7 66 67 8 74 75 11 69 68
9
7 64 65 14 73 72 8 67 66
9
8 70 71 10 80 81 11 75 74
9
8 72 73 14 83 82 10 71 70
9
10 78 79 15 85 84 11 81 80
