18
9
1 13 14 10 54 53 6 22 21
9
1 21 22 6 55 56 9 20 19
9
1 19 20 9 30 29 2 24 23
9
1 23 24 2 27 28 7 18 17
9
1 17 18 7 61 62 12 16 15
9
1 15 16 12 66 65 10 14 13
9
2 29 30 9 36 35 3 26 25
9
2 25 26 3 31 32 7 28 27
9
3 35 36 9 52 51 5 34 33
9
3 33 34 5 49 50 7 32 31
9
4 37 38 10 65 66 12 42 41
9
4 41 42 12 68 67 11 44 43
9
4 43 44 11 64 63 8 46 45
15
4 45 46 8 48 47 5 51 52 9 56 55 6 40 39
9
4 39 40 6 53 54 10 38 37
9
5 47 48 8 58 57 7 50 49
9
7 57 58 8 63 64 11 60 59
9
7 59 60 11 67 68 12 62 61
