23
9
1 16 17 5 62 63 11 25 24
9
1 24 25 11 81 80 10 23 22
9
1 22 23 10 77 76 9 21 20
9
1 20 21 9 73 72 7 19 18
9
1 18 19 7 59 58 5 17 16
9
2 26 27 4 50 51 8 31 30
9
2 30 31 8 69 68 6 33 32
9
2 32 33 6 66 67 13 35 34
9
2 34 35 13 87 86 12 29 28
9
2 28 29 12 55 54 4 27 26
9
3 40 41 12 86 87 13 37 36
9
3 36 37 13 67 66 6 39 38
18
3 38 39 6 68 69 8 74 75 14 71 70 7 72 73 9 45 44
9
3 44 45 9 76 77 10 43 42
9
3 42 43 10 78 79 12 41 40
9
4 46 47 5 60 61 14 49 48
9
4 48 49 14 75 74 8 51 50
9
4 54 55 12 79 78 10 53 52
9
4 52 53 10 82 83 15 57 56
9
4 56 57 15 65 64 5 47 46
9
5 58 59 7 70 71 14 61 60
9
5 64 65 15 85 84 11 63 62
9
10 80 81 11 84 85 15 83 82
