19
9
1 13 14 9 65 66 11 20 19
9
1 19 20 11 38 37 4 18 17
12
1 17 18 4 39 40 7 53 54 12 16 15
9
1 15 16 12 64 63 9 14 13
9
2 25 26 6 44 43 5 28 27
9
2 27 28 5 34 33 3 30 29
9
2 29 30 3 31 32 4 24 23
9
2 23 24 4 37 38 11 22 21
9
2 21 22 11 52 51 6 26 25
9
3 33 34 5 45 46 7 36 35
9
3 35 36 7 40 39 4 32 31
9
5 43 44 6 47 48 8 42 41
9
5 41 42 8 58 57 7 46 45
9
6 49 50 9 60 59 8 48 47
9
6 51 52 11 66 65 9 50 49
9
7 57 58 8 61 62 10 56 55
9
7 55 56 10 69 70 12 54 53
9
8 59 60 9 67 68 10 62 61
9
9 63 64 12 70 69 10 68 67
