25
9
1 17 18 6 53 54 12 20 19
18
1 19 20 12 87 88 14 90 89 13 60 59 7 44 43 4 24 23
9
1 23 24 4 41 42 15 26 25
9
1 25 26 15 52 51 5 22 21
9
1 21 22 5 45 46 6 18 17
9
2 31 32 16 92 91 14 30 29
9
2 29 30 14 88 87 12 28 27
9
2 27 28 12 82 81 10 34 33
9
2 33 34 10 79 80 16 32 31
9
3 37 38 14 74 73 9 40 39
9
3 39 40 9 75 76 13 36 35
9
3 35 36 13 89 90 14 38 37
9
4 43 44 7 61 62 15 42 41
9
5 51 52 15 93 94 16 50 49
9
5 49 50 16 66 65 8 48 47
9
5 47 48 8 56 55 6 46 45
9
6 55 56 8 67 68 12 54 53
9
7 59 60 13 76 75 9 58 57
9
7 57 58 9 77 78 11 64 63
9
7 63 64 11 83 84 15 62 61
9
8 65 66 16 80 79 10 70 69
9
8 69 70 10 81 82 12 68 67
9
9 73 74 14 91 92 16 72 71
9
9 71 72 16 86 85 11 78 77
9
11 85 86 16 94 93 15 84 83
