23
9
1 16 17 5 54 55 13 23 22
9
1 22 23 13 61 60 6 21 20
9
1 20 21 6 33 32 2 25 24
9
1 24 25 2 26 27 7 19 18
9
1 18 19 7 53 52 5 17 16
9
2 32 33 6 62 63 15 31 30
9
2 30 31 15 79 78 10 29 28
9
2 28 29 10 65 64 7 27 26
9
3 34 35 10 78 79 15 37 36
18
3 36 37 15 63 62 6 60 61 13 85 84 12 86 87 14 43 42
9
3 42 43 14 51 50 4 41 40
9
3 40 41 4 48 49 8 39 38
9
3 38 39 8 68 69 10 35 34
9
4 44 45 9 71 70 8 49 48
9
4 50 51 14 83 82 11 47 46
9
4 46 47 11 77 76 9 45 44
9
5 52 53 7 66 67 9 59 58
9
5 58 59 9 74 75 12 57 56
9
5 56 57 12 84 85 13 55 54
9
7 64 65 10 73 72 9 67 66
9
8 70 71 9 72 73 10 69 68
9
9 76 77 11 80 81 12 75 74
9
11 82 83 14 87 86 12 81 80
