25
9
1 17 18 10 85 86 16 20 19
9
1 19 20 16 94 93 13 22 21
9
1 21 22 13 28 27 2 24 23
9
1 23 24 2 31 32 4 26 25
9
1 25 26 4 45 46 10 18 17
9
2 27 28 13 76 75 8 30 29
9
2 29 30 8 77 78 15 36 35
9
2 35 36 15 92 91 12 34 33
18
2 33 34 12 44 43 3 39 40 11 87 88 16 48 47 4 32 31
9
3 41 42 7 60 59 6 38 37
9
3 37 38 6 55 56 11 40 39
9
3 43 44 12 66 65 7 42 41
9
4 47 48 16 86 85 10 46 45
9
5 51 52 8 73 74 9 50 49
9
5 49 50 9 83 84 15 54 53
9
5 53 54 15 78 77 8 52 51
9
6 59 60 7 63 64 14 58 57
9
6 57 58 14 90 89 11 56 55
9
7 61 62 9 81 82 14 64 63
9
7 65 66 12 91 92 15 68 67
9
7 67 68 15 84 83 9 62 61
9
8 75 76 13 93 94 16 70 69
9
8 69 70 16 88 87 11 72 71
9
8 71 72 11 80 79 9 74 73
9
9 79 80 11 89 90 14 82 81
