24
9
1 16 17 12 65 64 7 21 20
9
1 20 21 7 27 26 2 23 22
9
1 22 23 2 28 29 8 25 24
15
1 24 25 8 74 75 14 51 50 5 33 32 3 19 18
9
1 18 19 3 36 37 12 17 16
9
2 26 27 7 68 69 9 31 30
9
2 30 31 9 77 76 8 29 28
9
3 32 33 5 48 49 11 35 34
9
3 34 35 11 84 85 12 37 36
9
4 46 47 6 56 57 7 45 44
9
4 44 45 7 70 71 15 43 42
9
4 42 43 15 83 82 10 39 38
9
4 38 39 10 80 81 13 41 40
9
4 40 41 13 63 62 6 47 46
9
5 50 51 14 79 78 10 53 52
9
5 52 53 10 82 83 15 55 54
9
5 54 55 15 87 86 11 49 48
9
6 60 61 8 76 77 9 59 58
9
6 58 59 9 69 68 7 57 56
9
6 62 63 13 73 72 8 61 60
9
7 66 67 11 86 87 15 71 70
9
7 64 65 12 85 84 11 67 66
9
8 72 73 13 88 89 14 75 74
9
10 78 79 14 89 88 13 81 80
