20
9
1 14 15 10 73 72 9 21 20
9
1 20 21 9 70 71 12 19 18
9
1 18 19 12 25 24 2 17 16
9
1 16 17 2 22 23 10 15 14
9
2 24 25 12 67 66 8 27 26
9
2 26 27 8 68 69 13 29 28
15
2 28 29 13 75 74 11 33 32 3 38 39 10 23 22
9
3 34 35 4 46 47 9 37 36
9
3 36 37 9 72 73 10 39 38
9
3 32 33 11 61 60 7 31 30
9
3 30 31 7 41 40 4 35 34
9
4 44 45 12 71 70 9 47 46
9
4 40 41 7 59 58 6 43 42
9
4 42 43 6 56 57 12 45 44
9
5 48 49 7 60 61 11 51 50
9
5 50 51 11 74 75 13 53 52
9
5 52 53 13 69 68 8 55 54
9
5 54 55 8 63 62 7 49 48
9
6 58 59 7 64 65 12 57 56
9
7 62 63 8 66 67 12 65 64
