19
9
1 14 15 10 65 64 8 19 18
18
1 18 19 8 53 52 6 54 55 7 23 22 2 26 27 5 17 16
9
1 16 17 5 46 47 10 15 14
9
2 22 23 7 60 61 9 21 20
9
2 20 21 9 70 71 12 25 24
9
2 24 25 12 51 50 5 27 26
9
3 30 31 8 66 67 13 33 32
9
3 32 33 13 59 58 6 29 28
9
3 28 29 6 52 53 8 31 30
9
4 34 35 10 69 68 9 39 38
9
4 38 39 9 61 60 7 41 40
9
4 40 41 7 62 63 11 43 42
9
4 42 43 11 72 73 13 45 44
9
4 44 45 13 67 66 8 37 36
9
4 36 37 8 64 65 10 35 34
9
5 48 49 9 68 69 10 47 46
9
5 50 51 12 71 70 9 49 48
9
6 58 59 13 73 72 11 57 56
9
6 56 57 11 63 62 7 55 54
