18
9
1 13 14 2 25 26 6 20 19
9
1 19 20 6 53 54 8 22 21
9
1 21 22 8 63 64 11 18 17
9
1 17 18 11 66 65 10 16 15
9
1 15 16 10 24 23 2 14 13
15
2 23 24 10 42 41 4 32 31 3 37 38 9 28 27
9
2 27 28 9 52 51 6 26 25
9
3 31 32 4 43 44 5 30 29
9
3 29 30 5 47 48 12 34 33
9
3 33 34 12 60 59 8 36 35
9
3 35 36 8 61 62 9 38 37
9
4 41 42 10 65 66 11 40 39
9
4 39 40 11 58 57 7 46 45
9
4 45 46 7 50 49 5 44 43
9
5 49 50 7 55 56 12 48 47
9
6 51 52 9 62 61 8 54 53
9
7 57 58 11 67 68 12 56 55
9
8 59 60 12 68 67 11 64 63
