23
9
1 16 17 14 86 87 15 19 18
18
1 18 19 15 85 84 12 27 26 2 32 33 10 80 81 13 25 24
9
1 24 25 13 67 66 6 23 22
9
1 22 23 6 64 65 7 21 20
9
1 20 21 7 72 73 14 17 16
9
2 30 31 3 36 37 10 33 32
9
2 26 27 12 79 78 9 29 28
9
2 28 29 9 35 34 3 31 30
9
3 38 39 6 66 67 13 45 44
9
3 44 45 13 83 82 11 43 42
9
3 42 43 11 55 54 5 41 40
9
3 40 41 5 58 59 10 37 36
9
3 34 35 9 61 60 6 39 38
9
4 48 49 10 75 74 8 47 46
9
4 46 47 8 76 77 11 51 50
9
4 50 51 11 82 83 13 53 52
9
4 52 53 13 81 80 10 49 48
9
5 56 57 8 74 75 10 59 58
9
5 54 55 11 77 76 8 57 56
9
6 60 61 9 78 79 12 63 62
9
6 62 63 12 69 68 7 65 64
9
7 68 69 12 84 85 15 71 70
9
7 70 71 15 87 86 14 73 72
