20
9
1 14 15 4 46 47 11 17 16
9
1 16 17 11 74 75 13 19 18
9
1 18 19 13 69 68 8 21 20
9
1 20 21 8 59 58 6 23 22
9
1 22 23 6 53 52 5 25 24
9
1 24 25 5 54 55 12 27 26
9
1 26 27 12 51 50 4 15 14
15
2 30 31 9 72 73 11 37 36 3 44 45 10 33 32
9
2 32 33 10 61 60 6 35 34
9
2 34 35 6 58 59 8 29 28
9
2 28 29 8 66 67 9 31 30
9
3 38 39 4 48 49 5 41 40
9
3 40 41 5 56 57 7 43 42
9
3 42 43 7 64 65 10 45 44
9
3 36 37 11 47 46 4 39 38
9
4 50 51 12 55 54 5 49 48
9
5 52 53 6 62 63 7 57 56
9
6 60 61 10 65 64 7 63 62
9
8 68 69 13 71 70 9 67 66
9
9 70 71 13 75 74 11 73 72
