16
12
0 15 16 17 2 45 46 47 10 14 13 12
12
0 24 25 26 8 50 49 48 2 17 16 15
12
0 30 31 32 6 78 79 80 8 26 25 24
12
0 18 19 20 11 77 76 75 6 32 31 30
12
0 21 22 23 9 87 88 89 11 20 19 18
12
0 27 28 29 7 81 82 83 9 23 22 21
12
0 12 13 14 10 86 85 84 7 29 28 27
12
1 33 34 35 11 89 88 87 9 41 40 39
28
1 42 43 44 3 51 52 53 5 72 73 74 10 47 46 45 2 48 49 50 8 65 64 63 4 38 37 36
12
1 39 40 41 9 56 55 54 3 44 43 42
12
1 36 37 38 4 57 58 59 11 35 34 33
12
3 54 55 56 9 68 67 66 5 53 52 51
12
4 60 61 62 6 75 76 77 11 59 58 57
12
4 63 64 65 8 80 79 78 6 62 61 60
12
5 69 70 71 7 84 85 86 10 74 73 72
12
5 66 67 68 9 83 82 81 7 71 70 69
