20
12
0 21 22 23 13 92 91 90 6 17 16 15
12
0 24 25 26 1 27 28 29 13 23 22 21
36
0 18 19 20 12 71 70 69 4 63 64 65 11 98 97 96 7 99 100 101 10 53 52 51 3 57 58 59 8 38 37 36 1 26 25 24
12
0 15 16 17 6 87 88 89 12 20 19 18
12
1 36 37 38 8 59 58 57 3 35 34 33
12
1 30 31 32 14 113 112 111 13 29 28 27
12
1 33 34 35 3 54 55 56 14 32 31 30
12
2 39 40 41 9 62 61 60 4 47 46 45
12
2 42 43 44 5 72 73 74 9 41 40 39
12
2 45 46 47 4 66 67 68 6 50 49 48
12
2 48 49 50 6 86 85 84 5 44 43 42
12
3 51 52 53 10 105 106 107 14 56 55 54
12
4 69 70 71 12 89 88 87 6 68 67 66
12
4 60 61 62 9 102 103 104 11 65 64 63
12
5 84 85 86 6 90 91 92 13 83 82 81
12
5 78 79 80 10 101 100 99 7 77 76 75
12
5 81 82 83 13 110 109 108 10 80 79 78
12
5 75 76 77 7 93 94 95 9 74 73 72
12
7 96 97 98 11 104 103 102 9 95 94 93
12
10 108 109 110 13 111 112 113 14 107 106 105
