19
12
0 17 18 19 2 47 48 49 10 16 15 14
12
0 20 21 22 1 38 39 40 2 19 18 17
12
0 23 24 25 7 43 42 41 1 22 21 20
12
0 29 30 31 6 86 87 88 7 25 24 23
12
0 26 27 28 9 82 81 80 6 31 30 29
12
0 14 15 16 10 100 99 98 9 28 27 26
12
1 32 33 34 3 55 54 53 2 40 39 38
12
1 35 36 37 12 58 57 56 3 34 33 32
12
1 44 45 46 13 106 105 104 12 37 36 35
12
1 41 42 43 7 89 90 91 13 46 45 44
12
2 50 51 52 11 103 102 101 10 49 48 47
32
2 53 54 55 3 56 57 58 12 79 78 77 5 67 66 65 4 71 72 73 8 92 93 94 10 101 102 103 11 52 51 50
12
4 59 60 61 13 91 90 89 7 64 63 62
12
4 68 69 70 6 83 84 85 8 73 72 71
12
4 62 63 64 7 88 87 86 6 70 69 68
12
4 65 66 67 5 74 75 76 13 61 60 59
12
5 77 78 79 12 104 105 106 13 76 75 74
12
6 80 81 82 9 97 96 95 8 85 84 83
12
8 95 96 97 9 98 99 100 10 94 93 92
