16
12
0 24 25 26 2 42 43 44 10 14 13 12
12
0 18 19 20 3 38 37 36 2 26 25 24
12
0 21 22 23 7 53 52 51 3 20 19 18
28
0 15 16 17 11 77 76 75 6 71 70 69 5 62 61 60 4 63 64 65 8 83 82 81 7 23 22 21
12
0 12 13 14 10 87 88 89 11 17 16 15
12
1 27 28 29 4 57 58 59 9 35 34 33
12
1 30 31 32 8 65 64 63 4 29 28 27
12
1 33 34 35 9 86 85 84 8 32 31 30
12
2 36 37 38 3 54 55 56 9 41 40 39
12
2 45 46 47 11 89 88 87 10 44 43 42
12
2 48 49 50 6 75 76 77 11 47 46 45
12
2 39 40 41 9 74 73 72 6 50 49 48
12
3 51 52 53 7 78 79 80 9 56 55 54
12
4 60 61 62 5 66 67 68 9 59 58 57
12
5 69 70 71 6 72 73 74 9 68 67 66
12
7 81 82 83 8 84 85 86 9 80 79 78
