15
12
0 14 15 16 6 22 21 20 1 13 12 11
24
0 17 18 19 2 32 33 34 9 58 57 56 4 59 60 61 7 76 75 74 6 16 15 14
12
0 11 12 13 1 26 27 28 2 19 18 17
12
1 20 21 22 6 71 72 73 8 25 24 23
12
1 23 24 25 8 31 30 29 2 28 27 26
12
2 29 30 31 8 77 78 79 9 34 33 32
12
3 38 39 40 7 61 60 59 4 46 45 44
12
3 47 48 49 8 64 63 62 5 37 36 35
12
3 50 51 52 9 79 78 77 8 49 48 47
12
3 41 42 43 10 82 81 80 9 52 51 50
12
3 44 45 46 4 53 54 55 10 43 42 41
12
3 35 36 37 5 68 69 70 7 40 39 38
12
4 56 57 58 9 80 81 82 10 55 54 53
12
5 62 63 64 8 73 72 71 6 67 66 65
12
5 65 66 67 6 74 75 76 7 70 69 68
