14
12
0 19 20 21 1 31 32 33 5 12 11 10
12
0 16 17 18 6 36 35 34 1 21 20 19
12
0 25 26 27 3 52 53 54 6 18 17 16
12
0 22 23 24 8 57 56 55 3 27 26 25
12
0 13 14 15 2 46 47 48 8 24 23 22
12
0 10 11 12 5 39 38 37 2 15 14 13
12
1 28 29 30 9 69 68 67 5 33 32 31
20
1 34 35 36 6 70 71 72 7 66 65 64 4 61 62 63 9 30 29 28
12
2 37 38 39 5 67 68 69 9 42 41 40
12
2 43 44 45 4 64 65 66 7 51 50 49
12
2 49 50 51 7 73 74 75 8 48 47 46
12
2 40 41 42 9 63 62 61 4 45 44 43
12
3 55 56 57 8 75 74 73 7 60 59 58
12
3 58 59 60 7 72 71 70 6 54 53 52
