18
12
0 16 17 18 8 63 62 61 4 15 14 13
28
0 22 23 24 5 48 47 46 2 43 44 45 12 60 59 58 3 49 50 51 10 90 89 88 8 18 17 16
12
0 25 26 27 1 28 29 30 5 24 23 22
12
0 19 20 21 6 33 32 31 1 27 26 25
12
0 13 14 15 4 70 71 72 6 21 20 19
12
1 31 32 33 6 39 38 37 2 36 35 34
12
1 34 35 36 2 46 47 48 5 30 29 28
12
2 37 38 39 6 73 74 75 7 42 41 40
12
2 40 41 42 7 82 83 84 12 45 44 43
12
3 52 53 54 9 91 92 93 10 51 50 49
12
3 55 56 57 11 96 95 94 9 54 53 52
12
3 58 59 60 12 99 98 97 11 57 56 55
12
4 61 62 63 8 88 89 90 10 66 65 64
12
4 67 68 69 7 75 74 73 6 72 71 70
12
4 64 65 66 10 78 77 76 7 69 68 67
12
7 76 77 78 10 93 92 91 9 81 80 79
12
7 85 86 87 11 97 98 99 12 84 83 82
12
7 79 80 81 9 94 95 96 11 87 86 85
