17
12
0 15 16 17 7 75 76 77 10 14 13 12
12
0 18 19 20 6 72 73 74 7 17 16 15
24
0 24 25 26 3 54 55 56 9 35 34 33 1 27 28 29 5 66 67 68 6 20 19 18
12
0 21 22 23 8 50 49 48 3 26 25 24
12
0 12 13 14 10 86 85 84 8 23 22 21
12
1 33 34 35 9 87 88 89 11 32 31 30
12
1 30 31 32 11 65 64 63 5 29 28 27
12
2 36 37 38 11 92 91 90 10 41 40 39
12
2 45 46 47 5 63 64 65 11 38 37 36
12
2 42 43 44 7 71 70 69 5 47 46 45
12
2 39 40 41 10 77 76 75 7 44 43 42
12
3 48 49 50 8 62 61 60 4 53 52 51
12
3 51 52 53 4 57 58 59 9 56 55 54
12
4 60 61 62 8 81 82 83 9 59 58 57
12
5 69 70 71 7 74 73 72 6 68 67 66
12
8 84 85 86 10 90 91 92 11 80 79 78
12
8 78 79 80 11 89 88 87 9 83 82 81
