14
12
0 14 15 16 2 38 39 40 5 13 12 11
12
0 17 18 19 4 49 48 47 2 16 15 14
24
0 23 24 25 8 77 78 79 10 73 72 71 7 55 54 53 3 56 57 58 4 19 18 17
12
0 20 21 22 6 68 69 70 8 25 24 23
16
0 11 12 13 5 65 66 67 8 70 69 68 6 22 21 20
12
1 26 27 28 10 79 78 77 8 34 33 32
12
1 29 30 31 7 71 72 73 10 28 27 26
12
1 32 33 34 8 67 66 65 5 37 36 35
12
1 35 36 37 5 62 63 64 7 31 30 29
12
2 44 45 46 9 76 75 74 7 43 42 41
12
2 47 48 49 4 59 60 61 9 46 45 44
12
2 41 42 43 7 64 63 62 5 40 39 38
12
3 53 54 55 7 74 75 76 9 52 51 50
12
3 50 51 52 9 61 60 59 4 58 57 56
