19
12
0 16 17 18 8 27 26 25 1 15 14 13
12
0 19 20 21 11 96 95 94 8 18 17 16
12
0 22 23 24 7 91 92 93 11 21 20 19
12
0 13 14 15 1 34 35 36 7 24 23 22
12
1 25 26 27 8 75 74 73 5 30 29 28
12
1 31 32 33 9 90 89 88 7 36 35 34
12
1 28 29 30 5 76 77 78 9 33 32 31
12
2 37 38 39 9 57 56 55 3 45 44 43
12
2 40 41 42 7 88 89 90 9 39 38 37
24
2 46 47 48 10 72 71 70 4 64 65 66 12 102 101 100 11 93 92 91 7 42 41 40
12
2 43 44 45 3 58 59 60 10 48 47 46
12
3 49 50 51 4 70 71 72 10 60 59 58
12
3 55 56 57 9 78 77 76 5 54 53 52
12
3 52 53 54 5 69 68 67 4 51 50 49
12
4 67 68 69 5 79 80 81 6 63 62 61
12
4 61 62 63 6 82 83 84 12 66 65 64
12
5 73 74 75 8 87 86 85 6 81 80 79
12
6 85 86 87 8 97 98 99 12 84 83 82
12
8 94 95 96 11 100 101 102 12 99 98 97
