20
12
0 21 22 23 2 39 40 41 7 17 16 15
12
0 24 25 26 9 53 52 51 2 23 22 21
12
0 27 28 29 1 30 31 32 9 26 25 24
36
0 18 19 20 13 98 97 96 7 80 79 78 4 72 73 74 10 92 91 90 6 93 94 95 8 105 106 107 11 38 37 36 1 29 28 27
12
0 15 16 17 7 96 97 98 13 20 19 18
12
1 36 37 38 11 86 85 84 5 35 34 33
12
1 33 34 35 5 81 82 83 9 32 31 30
12
2 42 43 44 3 63 64 65 10 50 49 48
12
2 45 46 47 12 62 61 60 3 44 43 42
12
2 57 58 59 5 87 88 89 12 47 46 45
12
2 51 52 53 9 83 82 81 5 59 58 57
12
2 54 55 56 14 101 100 99 7 41 40 39
12
2 48 49 50 10 108 109 110 14 56 55 54
12
3 60 61 62 12 104 103 102 8 71 70 69
12
3 66 67 68 6 90 91 92 10 65 64 63
12
3 69 70 71 8 95 94 93 6 68 67 66
12
4 75 76 77 14 110 109 108 10 74 73 72
12
4 78 79 80 7 99 100 101 14 77 76 75
12
5 84 85 86 11 111 112 113 12 89 88 87
12
8 102 103 104 12 113 112 111 11 107 106 105
