14
12
0 16 17 18 1 25 26 27 7 12 11 10
20
0 13 14 15 4 39 38 37 2 31 32 33 3 24 23 22 1 18 17 16
12
0 10 11 12 7 48 47 46 4 15 14 13
12
1 19 20 21 6 67 68 69 7 27 26 25
12
1 22 23 24 3 43 44 45 6 21 20 19
12
2 28 29 30 9 42 41 40 3 33 32 31
12
2 34 35 36 5 61 62 63 9 30 29 28
12
2 37 38 39 4 52 53 54 5 36 35 34
12
3 40 41 42 9 66 65 64 6 45 44 43
12
4 46 47 48 7 73 74 75 8 51 50 49
12
4 49 50 51 8 57 56 55 5 54 53 52
12
5 58 59 60 6 64 65 66 9 63 62 61
12
5 55 56 57 8 72 71 70 6 60 59 58
12
6 70 71 72 8 75 74 73 7 69 68 67
