18
12
0 18 19 20 1 24 25 26 5 14 13 12
12
0 21 22 23 10 32 31 30 1 20 19 18
20
0 15 16 17 3 60 61 62 9 71 70 69 4 72 73 74 10 23 22 21
12
0 12 13 14 5 56 55 54 3 17 16 15
12
1 27 28 29 4 63 64 65 5 26 25 24
12
1 30 31 32 10 74 73 72 4 29 28 27
12
2 33 34 35 5 65 64 63 4 41 40 39
12
2 36 37 38 3 54 55 56 5 35 34 33
12
2 42 43 44 7 59 58 57 3 38 37 36
12
2 48 49 50 6 75 76 77 7 44 43 42
12
2 51 52 53 8 83 82 81 6 50 49 48
12
2 45 46 47 11 89 88 87 8 53 52 51
12
2 39 40 41 4 66 67 68 11 47 46 45
12
3 57 58 59 7 84 85 86 9 62 61 60
12
4 69 70 71 9 93 94 95 11 68 67 66
12
6 78 79 80 9 86 85 84 7 77 76 75
12
6 81 82 83 8 90 91 92 9 80 79 78
12
8 87 88 89 11 95 94 93 9 92 91 90
