20
12
0 17 18 19 3 47 48 49 13 16 15 14
12
0 23 24 25 12 55 54 53 3 19 18 17
12
0 20 21 22 7 89 90 91 12 25 24 23
12
0 14 15 16 13 88 87 86 7 22 21 20
12
1 26 27 28 5 46 45 44 2 31 30 29
12
1 32 33 34 10 79 78 77 5 28 27 26
28
1 29 30 31 2 41 42 43 9 104 105 106 11 97 96 95 7 86 87 88 13 49 48 47 3 37 36 35
12
1 35 36 37 3 50 51 52 10 34 33 32
12
2 38 39 40 6 80 81 82 9 43 42 41
12
2 44 45 46 5 68 69 70 6 40 39 38
12
3 53 54 55 12 109 108 107 10 52 51 50
12
4 56 57 58 7 95 96 97 11 61 60 59
12
4 62 63 64 8 94 93 92 7 58 57 56
12
4 59 60 61 11 106 105 104 9 67 66 65
12
4 65 66 67 9 100 99 98 8 64 63 62
12
5 71 72 73 8 85 84 83 6 70 69 68
12
5 74 75 76 12 103 102 101 8 73 72 71
12
5 77 78 79 10 107 108 109 12 76 75 74
12
6 83 84 85 8 98 99 100 9 82 81 80
12
7 92 93 94 8 101 102 103 12 91 90 89
