13
12
0 13 14 15 1 28 29 30 7 12 11 10
12
0 16 17 18 5 33 32 31 1 15 14 13
12
0 19 20 21 9 66 65 64 5 18 17 16
12
0 10 11 12 7 70 71 72 9 21 20 19
12
1 22 23 24 3 36 35 34 2 27 26 25
12
1 31 32 33 5 54 53 52 3 24 23 22
12
1 25 26 27 2 40 41 42 7 30 29 28
24
2 37 38 39 8 57 56 55 4 58 59 60 6 67 68 69 9 72 71 70 7 42 41 40
12
2 34 35 36 3 43 44 45 8 39 38 37
12
3 46 47 48 4 55 56 57 8 45 44 43
12
3 49 50 51 6 60 59 58 4 48 47 46
12
3 52 53 54 5 61 62 63 6 51 50 49
12
5 64 65 66 9 69 68 67 6 63 62 61
