13
12
0 13 14 15 3 49 50 51 4 12 11 10
12
0 19 20 21 1 28 29 30 3 15 14 13
12
0 16 17 18 7 33 32 31 1 21 20 19
12
0 10 11 12 4 55 56 57 7 18 17 16
12
1 22 23 24 5 61 62 63 9 27 26 25
12
1 31 32 33 7 66 65 64 5 24 23 22
12
1 25 26 27 9 45 44 43 3 30 29 28
12
2 37 38 39 6 60 59 58 5 36 35 34
24
2 40 41 42 7 57 56 55 4 52 53 54 8 70 71 72 9 69 68 67 6 39 38 37
12
2 34 35 36 5 64 65 66 7 42 41 40
12
3 46 47 48 8 54 53 52 4 51 50 49
12
3 43 44 45 9 72 71 70 8 48 47 46
12
5 58 59 60 6 67 68 69 9 63 62 61
