14
12
0 22 23 24 2 40 41 42 3 12 11 10
12
0 16 17 18 5 36 35 34 2 24 23 22
12
0 19 20 21 1 25 26 27 5 18 17 16
12
0 13 14 15 7 33 32 31 1 21 20 19
12
0 10 11 12 3 46 47 48 7 15 14 13
12
1 28 29 30 6 63 62 61 5 27 26 25
12
1 31 32 33 7 72 71 70 6 30 29 28
12
2 34 35 36 5 60 59 58 4 39 38 37
12
2 43 44 45 9 51 50 49 3 42 41 40
12
2 37 38 39 4 52 53 54 9 45 44 43
20
3 49 50 51 9 75 74 73 8 69 68 67 6 70 71 72 7 48 47 46
12
4 58 59 60 5 64 65 66 8 57 56 55
12
4 55 56 57 8 73 74 75 9 54 53 52
12
5 61 62 63 6 67 68 69 8 66 65 64
