16
12
0 18 19 20 1 27 28 29 3 14 13 12
12
0 24 25 26 2 35 34 33 1 20 19 18
12
0 21 22 23 7 44 43 42 2 26 25 24
28
0 15 16 17 10 89 88 87 9 83 82 81 8 62 61 60 4 57 58 59 6 78 79 80 7 23 22 21
12
0 12 13 14 3 48 49 50 10 17 16 15
12
1 30 31 32 11 53 52 51 3 29 28 27
12
1 33 34 35 2 36 37 38 11 32 31 30
12
2 39 40 41 6 75 76 77 11 38 37 36
12
2 42 43 44 7 80 79 78 6 41 40 39
12
3 45 46 47 5 66 67 68 10 50 49 48
12
3 51 52 53 11 74 73 72 5 47 46 45
12
4 54 55 56 11 77 76 75 6 59 58 57
12
4 60 61 62 8 84 85 86 11 56 55 54
12
5 72 73 74 11 86 85 84 8 71 70 69
12
5 63 64 65 9 87 88 89 10 68 67 66
12
5 69 70 71 8 81 82 83 9 65 64 63
