18
12
0 16 17 18 4 55 56 57 5 15 14 13
28
0 19 20 21 7 82 83 84 10 33 32 31 1 25 26 27 11 96 95 94 9 60 59 58 4 18 17 16
12
0 13 14 15 5 61 62 63 7 21 20 19
12
1 22 23 24 6 73 74 75 11 27 26 25
12
1 28 29 30 8 78 77 76 6 24 23 22
12
1 31 32 33 10 93 92 91 8 30 29 28
12
2 34 35 36 10 51 50 49 3 42 41 40
12
2 37 38 39 12 99 98 97 10 36 35 34
12
2 43 44 45 7 63 62 61 5 48 47 46
12
2 40 41 42 3 52 53 54 7 45 44 43
12
2 46 47 48 5 70 71 72 12 39 38 37
12
3 49 50 51 10 84 83 82 7 54 53 52
12
4 58 59 60 9 66 65 64 5 57 56 55
12
5 67 68 69 8 85 86 87 12 72 71 70
12
5 64 65 66 9 90 89 88 8 69 68 67
12
6 79 80 81 9 94 95 96 11 75 74 73
12
6 76 77 78 8 88 89 90 9 81 80 79
12
8 91 92 93 10 97 98 99 12 87 86 85
