13
24
0 16 17 18 2 21 20 19 1 28 29 30 6 45 44 43 3 37 38 39 8 12 11 10
12
0 13 14 15 4 33 32 31 2 18 17 16
12
0 10 11 12 8 48 47 46 4 15 14 13
12
1 19 20 21 2 31 32 33 4 24 23 22
12
1 25 26 27 5 58 59 60 6 30 29 28
12
1 22 23 24 4 52 53 54 5 27 26 25
12
3 34 35 36 4 46 47 48 8 39 38 37
12
3 40 41 42 7 51 50 49 4 36 35 34
12
3 43 44 45 6 67 68 69 7 42 41 40
12
4 55 56 57 9 66 65 64 5 54 53 52
12
4 49 50 51 7 70 71 72 9 57 56 55
12
5 61 62 63 7 69 68 67 6 60 59 58
12
5 64 65 66 9 72 71 70 7 63 62 61
