17
12
0 15 16 17 1 33 34 35 2 14 13 12
12
0 18 19 20 4 26 25 24 1 17 16 15
12
0 21 22 23 9 68 67 66 4 20 19 18
12
0 12 13 14 2 45 46 47 9 23 22 21
12
1 24 25 26 4 60 61 62 11 29 28 27
12
1 30 31 32 7 41 40 39 2 35 34 33
12
1 36 37 38 8 86 85 84 7 32 31 30
12
1 27 28 29 11 89 88 87 8 38 37 36
12
2 48 49 50 6 75 76 77 9 47 46 45
24
2 42 43 44 10 74 73 72 5 65 64 63 4 56 55 54 3 57 58 59 6 50 49 48
12
2 39 40 41 7 81 82 83 10 44 43 42
12
3 51 52 53 9 77 76 75 6 59 58 57
12
3 54 55 56 4 66 67 68 9 53 52 51
12
4 63 64 65 5 69 70 71 11 62 61 60
12
5 72 73 74 10 90 91 92 11 71 70 69
12
7 84 85 86 8 87 88 89 11 80 79 78
12
7 78 79 80 11 92 91 90 10 83 82 81
