15
12
0 17 18 19 2 35 36 37 3 13 12 11
12
0 20 21 22 9 40 39 38 2 19 18 17
12
0 23 24 25 7 74 75 76 9 22 21 20
12
0 14 15 16 5 68 69 70 7 25 24 23
12
0 11 12 13 3 50 51 52 5 16 15 14
12
1 29 30 31 10 82 81 80 9 28 27 26
24
1 32 33 34 7 70 69 68 5 52 51 50 3 56 57 58 8 77 78 79 10 31 30 29
12
1 26 27 28 9 76 75 74 7 34 33 32
12
2 38 39 40 9 67 66 65 4 49 48 47
12
2 41 42 43 6 55 54 53 3 37 36 35
12
2 44 45 46 8 73 72 71 6 43 42 41
12
2 47 48 49 4 59 60 61 8 46 45 44
12
3 53 54 55 6 71 72 73 8 58 57 56
12
4 65 66 67 9 80 81 82 10 64 63 62
12
4 62 63 64 10 79 78 77 8 61 60 59
