16
12
0 19 20 21 1 25 26 27 4 15 14 13
12
0 22 23 24 7 30 29 28 1 21 20 19
36
0 16 17 18 3 42 41 40 2 43 44 45 11 91 92 93 12 87 86 85 9 88 89 90 10 63 62 61 5 58 59 60 7 24 23 22
12
0 13 14 15 4 48 47 46 3 18 17 16
12
1 28 29 30 7 69 68 67 6 33 32 31
12
1 34 35 36 8 51 50 49 4 27 26 25
12
1 31 32 33 6 70 71 72 8 36 35 34
12
2 37 38 39 4 52 53 54 11 45 44 43
12
2 40 41 42 3 46 47 48 4 39 38 37
12
4 49 50 51 8 82 83 84 11 54 53 52
12
5 55 56 57 6 67 68 69 7 60 59 58
12
5 64 65 66 8 72 71 70 6 57 56 55
12
5 61 62 63 10 75 74 73 8 66 65 64
12
8 73 74 75 10 90 89 88 9 78 77 76
12
8 79 80 81 12 93 92 91 11 84 83 82
12
8 76 77 78 9 85 86 87 12 81 80 79
