18
12
0 20 21 22 1 35 36 37 3 16 15 14
12
0 23 24 25 6 34 33 32 1 22 21 20
12
0 26 27 28 11 85 84 83 6 25 24 23
12
0 29 30 31 9 92 93 94 11 28 27 26
12
0 17 18 19 4 71 72 73 9 31 30 29
12
0 14 15 16 3 53 54 55 4 19 18 17
12
1 32 33 34 6 80 81 82 8 40 39 38
12
1 38 39 40 8 64 63 62 3 37 36 35
12
2 44 45 46 7 86 87 88 13 43 42 41
16
2 47 48 49 9 95 96 97 13 88 87 86 7 46 45 44
12
2 50 51 52 5 74 75 76 9 49 48 47
32
2 41 42 43 13 103 102 101 12 100 99 98 10 91 90 89 8 82 81 80 6 83 84 85 11 79 78 77 5 52 51 50
12
3 56 57 58 12 70 69 68 4 55 54 53
12
3 59 60 61 10 98 99 100 12 58 57 56
12
3 62 63 64 8 89 90 91 10 61 60 59
12
4 65 66 67 13 97 96 95 9 73 72 71
12
4 68 69 70 12 101 102 103 13 67 66 65
12
5 77 78 79 11 94 93 92 9 76 75 74
