19
12
0 16 17 18 3 45 44 43 2 15 14 13
12
0 19 20 21 6 54 53 52 3 18 17 16
12
0 22 23 24 12 75 74 73 6 21 20 19
12
0 28 29 30 8 94 95 96 12 24 23 22
12
0 31 32 33 4 58 59 60 8 30 29 28
12
0 25 26 27 10 57 56 55 4 33 32 31
12
0 13 14 15 2 46 47 48 10 27 26 25
12
1 34 35 36 10 69 68 67 5 39 38 37
12
1 37 38 39 5 66 65 64 4 42 41 40
12
1 40 41 42 4 55 56 57 10 36 35 34
24
2 43 44 45 3 52 53 54 6 79 80 81 9 87 86 85 7 72 71 70 5 51 50 49
12
2 49 50 51 5 67 68 69 10 48 47 46
12
4 64 65 66 5 70 71 72 7 63 62 61
12
4 61 62 63 7 91 92 93 8 60 59 58
12
6 73 74 75 12 102 101 100 11 78 77 76
12
6 76 77 78 11 99 98 97 9 81 80 79
12
7 82 83 84 11 100 101 102 12 90 89 88
12
7 85 86 87 9 97 98 99 11 84 83 82
12
7 88 89 90 12 96 95 94 8 93 92 91
