18
12
0 16 17 18 1 34 35 36 12 15 14 13
12
0 22 23 24 3 33 32 31 1 18 17 16
12
0 25 26 27 9 60 59 58 3 24 23 22
12
0 19 20 21 6 82 83 84 9 27 26 25
12
0 13 14 15 12 81 80 79 6 21 20 19
12
1 28 29 30 7 91 92 93 12 36 35 34
12
1 31 32 33 3 46 47 48 7 30 29 28
12
2 37 38 39 12 99 98 97 11 42 41 40
12
2 43 44 45 6 79 80 81 12 39 38 37
28
2 40 41 42 11 96 95 94 8 66 65 64 4 67 68 69 10 72 71 70 5 73 74 75 6 45 44 43
12
3 49 50 51 4 61 62 63 7 48 47 46
12
3 52 53 54 10 69 68 67 4 51 50 49
12
3 55 56 57 5 70 71 72 10 54 53 52
12
3 58 59 60 9 78 77 76 5 57 56 55
12
4 64 65 66 8 87 86 85 7 63 62 61
12
5 76 77 78 9 84 83 82 6 75 74 73
12
7 88 89 90 11 97 98 99 12 93 92 91
12
7 85 86 87 8 94 95 96 11 90 89 88
