14
12
0 14 15 16 1 20 21 22 7 13 12 11
24
0 17 18 19 3 53 54 55 6 68 69 70 10 76 75 74 8 28 27 26 1 16 15 14
12
0 11 12 13 7 49 48 47 3 19 18 17
12
1 23 24 25 4 59 60 61 7 22 21 20
12
1 26 27 28 8 58 57 56 4 25 24 23
12
2 35 36 37 7 61 60 59 4 43 42 41
12
2 29 30 31 8 74 75 76 10 34 33 32
12
2 38 39 40 5 62 63 64 7 37 36 35
12
2 44 45 46 6 67 66 65 5 40 39 38
16
2 32 33 34 10 79 78 77 9 73 72 71 6 46 45 44
12
2 41 42 43 4 56 57 58 8 31 30 29
12
3 47 48 49 7 64 63 62 5 52 51 50
12
3 50 51 52 5 65 66 67 6 55 54 53
12
6 71 72 73 9 77 78 79 10 70 69 68
