42
6
1 26 3 41 21 29
6
1 29 21 34 2 32
6
1 32 2 38 6 33
6
1 33 6 55 24 31
6
1 31 24 57 7 30
6
1 30 7 50 5 28
6
1 28 5 49 14 27
6
1 27 14 39 3 26
6
2 35 19 73 12 36
6
2 36 12 75 16 37
6
2 37 16 53 6 38
6
2 34 21 88 19 35
6
3 39 14 78 25 40
14
3 40 25 65 9 60 8 62 15 48 4 44 20 42
6
3 42 20 89 21 41
6
4 48 15 81 23 47
6
4 47 23 90 22 46
6
4 46 22 74 12 45
6
4 45 12 73 19 43
6
4 43 19 87 20 44
6
5 50 7 58 11 51
6
5 51 11 72 13 52
6
5 52 13 76 14 49
6
6 53 16 84 18 54
6
6 54 18 86 24 55
6
7 57 24 66 9 56
6
7 56 9 64 11 58
6
8 60 9 63 17 59
6
8 59 17 68 10 61
6
8 61 10 69 15 62
6
9 66 24 86 18 67
6
9 67 18 85 17 63
6
9 65 25 71 11 64
6
10 68 17 82 16 70
6
10 70 16 79 15 69
6
11 71 25 77 13 72
6
12 74 22 83 16 75
6
13 77 25 78 14 76
6
15 79 16 83 22 80
6
15 80 22 90 23 81
6
16 82 17 85 18 84
6
19 88 21 89 20 87
