33
6
1 22 18 56 10 23
16
1 23 10 52 8 49 7 30 2 29 16 61 12 63 19 26
6
1 26 19 32 3 25
6
1 25 3 33 11 27
6
1 27 11 47 6 24
6
1 24 6 45 18 22
6
2 30 7 48 20 28
6
2 28 20 72 16 29
6
3 31 21 58 11 33
6
3 32 19 73 21 31
6
4 37 14 59 11 39
6
4 39 11 58 21 36
6
4 36 21 71 15 35
6
4 35 15 54 9 34
6
4 34 9 42 5 38
6
4 38 5 44 14 37
6
5 42 9 50 7 40
6
5 40 7 49 8 41
6
5 41 8 53 17 43
6
5 43 17 68 14 44
6
6 47 11 59 14 46
6
6 46 14 67 18 45
6
7 50 9 55 20 48
6
8 52 10 57 13 51
6
8 51 13 66 17 53
6
9 54 15 69 20 55
6
10 56 18 65 13 57
6
12 60 15 71 21 62
6
12 62 21 73 19 63
6
12 61 16 70 15 60
6
13 65 18 67 14 64
6
13 64 14 68 17 66
6
15 70 16 72 20 69
