27
6
1 18 4 36 9 22
6
1 22 9 48 16 21
6
1 21 16 23 2 20
6
1 20 2 24 11 19
6
1 19 11 33 4 18
6
2 23 16 59 15 25
6
2 25 15 32 3 26
6
2 26 3 29 5 27
12
2 27 5 37 17 57 13 58 14 55 11 24
6
3 32 15 42 7 31
6
3 31 7 44 12 30
6
3 30 12 56 17 28
6
3 28 17 37 5 29
6
4 33 11 55 14 34
6
4 34 14 58 13 35
6
4 35 13 51 9 36
6
6 41 17 56 12 39
6
6 39 12 44 7 38
6
6 38 7 45 8 40
6
6 40 8 47 17 41
6
7 42 15 54 10 43
6
7 43 10 46 8 45
6
8 46 10 53 17 47
6
9 51 13 52 10 50
6
9 50 10 54 15 49
6
9 49 15 59 16 48
6
10 52 13 57 17 53
