36
6
1 23 9 58 19 24
6
1 24 19 73 15 25
6
1 25 15 48 6 26
6
1 26 6 49 18 27
6
1 27 18 32 2 28
6
1 28 2 33 12 29
6
1 29 12 59 9 23
6
2 30 21 71 14 31
6
2 31 14 67 12 33
14
2 32 18 70 13 69 22 76 17 46 5 45 21 30
6
3 34 17 75 16 36
6
3 36 16 56 8 37
6
3 37 8 47 5 35
6
3 35 5 46 17 34
6
4 38 9 61 11 42
6
4 42 11 57 8 43
6
4 43 8 56 16 41
6
4 41 16 74 20 40
6
4 40 20 78 19 39
6
4 39 19 58 9 38
6
5 47 8 57 11 44
6
5 44 11 65 21 45
6
6 48 15 68 13 50
6
6 50 13 70 18 49
6
7 54 19 62 10 55
6
7 55 10 63 17 51
6
7 51 17 76 22 52
6
7 52 22 72 15 53
6
7 53 15 73 19 54
6
9 59 12 67 14 60
6
9 60 14 66 11 61
6
10 64 20 77 17 63
6
10 62 19 78 20 64
6
11 66 14 71 21 65
6
13 68 15 72 22 69
6
16 75 17 77 20 74
