31
6
1 21 17 54 10 22
6
1 22 10 56 14 23
6
1 23 14 28 2 24
6
1 24 2 27 17 21
6
2 28 14 62 18 29
6
2 29 18 61 13 25
6
2 25 13 52 9 26
6
2 26 9 53 16 30
6
2 30 16 65 17 27
6
3 31 13 35 4 32
16
3 32 4 37 7 45 10 57 15 51 8 49 12 38 5 34
6
3 34 5 41 6 33
6
3 33 6 42 13 31
6
4 35 13 59 11 36
6
4 36 11 47 7 37
6
5 39 16 53 9 40
6
5 40 9 43 6 41
6
5 38 12 60 16 39
6
6 43 9 52 13 42
6
7 47 11 58 18 46
6
7 46 18 62 14 44
6
7 44 14 56 10 45
6
8 51 15 63 20 50
6
8 50 20 66 16 48
6
8 48 16 60 12 49
6
10 54 17 67 19 55
6
10 55 19 64 15 57
6
11 59 13 61 18 58
6
15 64 19 69 20 63
6
16 66 20 68 17 65
6
17 68 20 69 19 67
