43
6
1 28 4 46 5 30
20
1 30 5 50 15 79 14 81 25 37 3 38 9 67 10 61 7 58 22 29
6
1 29 22 45 4 28
6
2 31 3 37 25 32
6
2 32 25 62 8 33
6
2 33 8 64 21 34
6
2 34 21 39 3 31
6
3 39 21 90 23 40
6
3 40 23 92 27 36
6
3 36 27 86 18 35
6
3 35 18 68 9 38
6
4 45 22 88 19 44
6
4 44 19 87 24 43
6
4 43 24 94 26 41
6
4 41 26 76 13 42
6
4 42 13 73 12 48
6
4 48 12 74 17 47
6
4 47 17 49 5 46
6
5 49 17 82 15 50
6
6 51 8 63 16 52
6
6 52 16 75 12 54
6
6 54 12 73 13 55
6
6 55 13 77 23 56
6
6 56 23 90 21 53
6
6 53 21 64 8 51
6
7 59 26 94 24 57
6
7 57 24 91 22 58
6
7 61 10 70 11 60
6
7 60 11 71 26 59
6
8 62 25 89 20 65
6
8 65 20 84 16 63
6
9 68 18 86 27 66
6
9 66 27 69 10 67
6
10 69 27 72 11 70
6
11 72 27 95 26 71
6
12 75 16 83 17 74
6
13 76 26 93 23 77
6
14 79 15 82 17 78
6
14 78 17 85 20 80
6
14 80 20 89 25 81
6
16 84 20 85 17 83
6
19 88 22 91 24 87
6
23 93 26 95 27 92
