44
6
1 28 25 80 14 29
18
1 29 14 81 26 46 4 49 18 88 21 71 10 58 6 56 23 31
6
1 31 23 90 19 30
6
1 30 19 67 9 32
6
1 32 9 68 25 28
6
2 33 9 66 17 34
6
2 34 17 50 5 39
6
2 39 5 51 24 36
6
2 36 24 59 7 37
6
2 37 7 61 13 38
6
2 38 13 78 16 35
6
2 35 16 69 9 33
6
3 40 18 49 4 44
6
3 44 4 48 12 43
6
3 43 12 77 15 42
6
3 42 15 74 11 45
6
3 45 11 76 27 41
6
3 41 27 87 18 40
6
4 47 15 77 12 48
6
4 46 26 83 15 47
6
5 50 17 86 19 54
6
5 54 19 89 20 53
6
5 53 20 64 8 52
6
5 52 8 65 24 51
6
6 58 10 63 8 57
6
6 57 8 64 20 55
6
6 55 20 91 23 56
6
7 59 24 95 22 60
6
7 60 22 75 11 62
6
7 62 11 73 13 61
6
8 63 10 72 24 65
6
9 67 19 86 17 66
6
9 69 16 85 25 68
6
10 70 22 95 24 72
6
10 71 21 93 22 70
6
11 74 15 79 13 73
6
11 75 22 94 27 76
6
13 79 15 84 16 78
6
14 80 25 96 26 81
6
15 83 26 96 25 82
6
15 82 25 85 16 84
6
18 87 27 92 21 88
6
19 90 23 91 20 89
6
21 92 27 94 22 93
