37
6
1 25 17 43 4 26
6
1 26 4 32 2 27
6
1 27 2 33 13 28
6
1 28 13 36 3 29
6
1 29 3 38 17 25
6
2 32 4 40 8 30
6
2 30 8 49 6 31
20
2 31 6 47 5 48 14 73 21 62 10 64 22 81 19 69 12 70 13 33
6
3 36 13 70 12 35
6
3 35 12 69 19 34
6
3 34 19 80 23 37
6
3 37 23 51 7 39
6
3 39 7 52 17 38
6
4 43 17 78 24 44
6
4 44 24 60 9 41
6
4 41 9 58 11 42
6
4 42 11 68 16 45
6
4 45 16 57 8 40
6
5 47 6 50 18 46
6
5 46 18 71 14 48
6
6 49 8 55 18 50
6
7 54 15 75 17 52
6
7 51 23 83 22 53
6
7 53 22 76 15 54
6
8 57 16 77 20 56
6
8 56 20 79 18 55
6
9 60 24 82 21 59
6
9 59 21 66 11 58
6
10 62 21 82 24 61
6
10 61 24 74 15 63
6
10 63 15 76 22 64
6
11 66 21 73 14 65
6
11 65 14 72 20 67
6
11 67 20 77 16 68
6
14 71 18 79 20 72
6
15 74 24 78 17 75
6
19 81 22 83 23 80
