43
6
1 27 22 64 11 28
6
1 28 11 65 14 29
6
1 29 14 70 13 30
6
1 30 13 56 8 31
6
1 31 8 55 22 27
6
2 35 14 75 17 33
6
2 33 17 84 19 32
6
2 32 19 44 4 34
6
2 34 4 45 26 36
6
2 36 26 76 14 35
6
3 39 7 54 10 40
6
3 40 10 48 5 41
6
3 41 5 46 6 37
6
3 37 6 51 21 38
6
3 38 21 52 7 39
6
4 44 19 81 16 42
6
4 42 16 79 20 43
6
4 43 20 88 26 45
16
5 48 10 59 9 62 25 74 14 65 11 64 22 92 23 47
6
5 47 23 50 6 46
6
6 50 23 93 24 49
6
6 49 24 89 21 51
6
7 53 15 63 10 54
6
7 52 21 78 15 53
6
8 56 13 72 24 57
6
8 57 24 91 22 55
6
9 60 12 68 18 61
6
9 61 18 85 25 62
6
9 59 10 63 15 58
6
9 58 15 66 12 60
6
12 69 16 80 18 68
6
12 66 15 77 20 67
6
12 67 20 79 16 69
6
13 70 14 76 26 73
6
13 73 26 90 21 71
6
13 71 21 89 24 72
6
14 74 25 82 17 75
6
15 78 21 87 20 77
6
16 81 19 86 18 80
6
17 83 18 86 19 84
6
17 82 25 85 18 83
6
20 87 21 90 26 88
6
22 91 24 93 23 92
