45
6
1 28 12 76 19 29
6
1 29 19 93 22 32
6
1 32 22 88 17 31
6
1 31 17 71 10 30
6
1 30 10 69 12 28
6
2 35 14 56 6 33
6
2 33 6 52 26 34
16
2 34 26 40 3 39 19 76 12 77 16 87 18 91 25 37
6
2 37 25 96 21 36
6
2 36 21 83 14 35
6
3 41 6 54 20 38
6
3 38 20 92 19 39
6
3 40 26 52 6 41
6
4 45 24 89 17 46
6
4 46 17 84 15 44
6
4 44 15 60 7 42
6
4 42 7 59 18 43
6
4 43 18 90 24 45
6
5 49 8 62 23 50
6
5 50 23 85 15 47
6
5 47 15 84 17 48
6
5 48 17 88 22 51
6
5 51 22 64 8 49
6
6 56 14 82 23 55
6
6 55 23 62 8 53
6
6 53 8 63 20 54
6
7 60 15 73 11 61
6
7 61 11 75 27 57
6
7 57 27 97 25 58
6
7 58 25 91 18 59
6
8 64 22 94 20 63
6
9 66 27 80 13 68
6
9 68 13 78 23 67
6
9 67 23 82 14 65
6
9 65 14 81 27 66
6
10 71 17 89 24 72
6
10 72 24 86 16 70
6
10 70 16 77 12 69
6
11 73 15 79 13 74
6
11 74 13 80 27 75
6
13 79 15 85 23 78
6
14 83 21 95 27 81
6
16 86 24 90 18 87
6
19 92 20 94 22 93
6
21 96 25 97 27 95
