27
6
1 18 14 57 12 19
12
1 19 12 55 11 56 13 27 3 24 2 20
6
1 20 2 23 16 21
6
1 21 16 43 7 22
6
1 22 7 42 14 18
6
2 24 3 30 8 25
6
2 25 8 47 16 23
6
3 28 5 37 15 29
6
3 29 15 46 8 30
6
3 27 13 31 4 26
6
3 26 4 32 5 28
6
4 31 13 53 10 33
6
4 33 10 34 5 32
6
5 36 6 41 15 37
6
5 34 10 50 9 35
6
5 35 9 38 6 36
6
6 39 14 42 7 40
6
6 40 7 44 15 41
6
6 38 9 49 14 39
6
7 43 16 47 8 45
6
7 45 8 46 15 44
6
9 50 10 51 17 48
6
9 48 17 59 14 49
6
10 53 13 56 11 52
6
10 52 11 54 17 51
6
11 55 12 58 17 54
6
12 57 14 59 17 58
