31
6
1 20 19 67 17 24
6
1 24 17 64 14 23
6
1 23 14 63 16 22
12
1 22 16 65 15 44 6 41 13 34 4 21
6
1 21 4 33 19 20
6
2 28 17 53 9 26
6
2 26 9 38 5 25
6
2 25 5 36 14 27
6
2 27 14 64 17 28
6
3 30 4 34 13 29
6
3 29 13 60 11 31
6
3 31 11 51 8 32
6
3 32 8 35 4 30
6
4 35 8 52 19 33
6
5 38 9 54 18 39
6
5 39 18 66 15 37
6
5 37 15 62 14 36
6
6 44 15 66 18 43
6
6 43 18 49 7 42
6
6 42 7 45 12 40
6
6 40 12 61 13 41
6
7 49 18 54 9 48
6
7 48 9 53 17 47
6
7 47 17 57 10 46
6
7 46 10 56 12 45
6
8 50 10 58 19 52
6
8 51 11 55 10 50
6
10 57 17 67 19 58
6
10 55 11 59 12 56
6
11 60 13 61 12 59
6
14 62 15 65 16 63
