27
16
1 19 11 44 5 42 18 61 15 40 4 38 16 50 7 22
6
1 22 7 51 17 21
6
1 21 17 37 3 20
6
1 20 3 32 11 19
6
2 24 4 39 13 25
6
2 25 13 52 8 28
6
2 28 8 48 6 27
6
2 27 6 47 10 26
6
2 26 10 56 14 29
6
2 29 14 60 16 23
6
2 23 16 38 4 24
6
3 37 17 55 9 34
6
3 34 9 53 16 35
6
3 35 16 60 14 36
6
3 36 14 56 10 33
6
3 33 10 47 6 31
6
3 31 6 43 5 30
6
3 30 5 44 11 32
6
4 40 15 59 13 39
6
5 43 6 45 15 41
6
5 41 15 61 18 42
6
6 48 8 52 13 46
6
6 46 13 59 15 45
6
7 50 16 57 12 49
6
7 49 12 58 17 51
6
9 54 12 57 16 53
6
9 55 17 58 12 54
