46
6
1 29 5 48 19 31
6
1 31 19 92 20 32
6
1 32 20 58 7 33
6
1 33 7 35 2 30
6
1 30 2 34 5 29
6
2 35 7 57 28 36
6
2 36 28 40 3 37
6
2 37 3 41 5 34
6
3 40 28 77 13 38
6
3 38 13 76 15 39
6
3 39 15 50 5 41
6
4 45 13 78 26 46
6
4 46 26 96 21 47
6
4 47 21 60 8 44
6
4 44 8 62 9 43
6
4 43 9 63 23 42
6
4 42 23 79 13 45
6
5 50 15 83 27 51
6
5 51 27 81 14 49
6
5 49 14 80 19 48
6
6 55 17 87 25 54
6
6 54 25 94 20 52
6
6 52 20 93 22 53
18
6 53 22 66 10 67 19 80 14 82 16 64 9 62 8 61 24 56
6
6 56 24 86 17 55
6
7 58 20 91 18 59
6
7 59 18 89 28 57
6
8 60 21 97 24 61
6
9 64 16 85 23 63
6
10 65 20 92 19 67
6
10 66 22 93 20 65
6
11 68 27 73 12 71
6
11 71 12 75 13 72
6
11 72 13 79 23 70
6
11 70 23 85 16 69
6
11 69 16 84 27 68
6
12 73 27 83 15 74
6
12 74 15 76 13 75
6
13 77 28 100 26 78
6
14 81 27 84 16 82
6
17 88 21 95 25 87
6
17 86 24 97 21 88
6
18 91 20 94 25 90
6
18 90 25 99 28 89
6
21 96 26 98 25 95
6
25 98 26 100 28 99
