44
6
1 27 6 52 17 28
6
1 28 17 65 9 30
6
1 30 9 59 8 31
6
1 31 8 61 25 32
6
1 32 25 94 26 29
6
1 29 26 53 6 27
6
2 34 4 47 22 33
6
2 33 22 92 25 38
6
2 38 25 87 18 39
6
2 39 18 75 11 37
6
2 37 11 74 20 36
6
2 36 20 83 14 35
6
2 35 14 45 4 34
6
3 44 6 55 23 43
6
3 43 23 49 5 42
6
3 42 5 51 19 41
6
3 41 19 90 21 40
6
3 40 21 54 6 44
6
4 48 7 58 22 47
6
4 45 14 82 16 46
14
4 46 16 69 10 67 19 51 5 50 12 57 7 48
6
5 49 23 77 12 50
6
6 53 26 93 23 55
6
6 54 21 86 17 52
6
7 57 12 76 26 56
6
7 56 26 91 22 58
6
8 59 9 63 24 60
6
8 60 24 88 18 62
6
8 62 18 87 25 61
6
9 65 17 84 15 64
6
9 64 15 85 24 63
6
10 66 13 80 19 67
6
10 69 16 82 14 70
6
10 70 14 83 20 72
6
10 72 20 89 18 73
6
10 73 18 88 24 71
6
10 71 24 85 15 68
6
10 68 15 78 13 66
6
11 75 18 89 20 74
6
12 77 23 93 26 76
6
13 81 21 90 19 80
6
13 78 15 84 17 79
6
13 79 17 86 21 81
6
22 91 26 94 25 92
