40
6
1 26 14 48 5 27
6
1 27 5 44 8 28
6
1 28 8 37 3 29
6
1 29 3 39 14 26
6
2 30 14 39 3 34
6
2 34 3 38 13 33
6
2 33 13 54 7 32
6
2 32 7 55 19 36
6
2 36 19 41 4 35
6
2 35 4 40 12 31
6
2 31 12 71 14 30
6
3 37 8 57 13 38
6
4 41 19 85 25 43
6
4 43 25 87 21 42
6
4 42 21 73 12 40
6
5 45 6 49 8 44
6
5 48 14 74 17 46
6
5 46 17 62 10 47
18
5 47 10 64 20 67 11 65 16 81 18 84 25 88 24 51 6 45
6
6 50 7 54 13 52
6
6 52 13 57 8 49
6
6 51 24 53 7 50
6
7 53 24 88 25 56
6
7 56 25 85 19 55
6
9 61 16 79 23 60
6
9 60 23 76 15 58
6
9 58 15 77 18 59
6
9 59 18 81 16 61
6
10 62 17 82 22 63
6
10 63 22 86 20 64
6
11 66 22 80 16 65
6
11 67 20 86 22 66
6
12 73 21 78 15 70
6
12 70 15 76 23 69
6
12 69 23 79 16 68
6
12 68 16 80 22 72
6
12 72 22 75 14 71
6
14 75 22 82 17 74
6
15 78 21 83 18 77
6
18 83 21 87 25 84
