36
6
1 24 5 43 6 25
6
1 25 6 45 11 26
6
1 26 11 53 8 27
6
1 27 8 31 2 28
6
1 28 2 29 5 24
6
2 31 8 51 21 32
6
2 32 21 67 12 30
6
2 30 12 44 5 29
6
3 34 22 65 11 35
6
3 35 11 66 13 36
6
3 36 13 56 9 33
6
3 33 9 55 22 34
6
4 41 8 54 22 37
6
4 37 22 55 9 38
6
4 38 9 60 14 42
6
4 42 14 49 7 39
6
4 39 7 48 20 40
6
4 40 20 52 8 41
18
5 44 12 68 20 48 7 50 18 78 23 79 19 75 16 46 6 43
6
6 47 13 66 11 45
6
6 46 16 69 13 47
6
7 49 14 71 18 50
6
8 53 11 65 22 54
6
8 52 20 80 21 51
6
9 56 13 61 10 59
6
9 59 10 63 23 58
6
9 58 23 76 17 57
6
9 57 17 70 14 60
6
10 64 16 74 15 62
6
10 62 15 73 23 63
6
10 61 13 69 16 64
6
12 67 21 80 20 68
6
14 70 17 77 18 71
6
15 74 16 75 19 72
6
15 72 19 79 23 73
6
17 76 23 78 18 77
