29
6
1 19 9 54 16 21
6
1 21 16 63 17 22
6
1 22 17 57 10 23
6
1 23 10 35 4 20
6
1 20 4 34 9 19
6
2 26 18 62 14 27
12
2 27 14 48 7 50 16 54 9 47 6 25
6
2 25 6 45 13 24
6
2 24 13 51 8 28
6
2 28 8 52 18 26
6
3 31 10 56 11 30
6
3 30 11 60 18 29
6
3 29 18 52 8 32
6
3 32 8 53 12 33
6
3 33 12 58 10 31
6
4 35 10 58 12 39
6
4 39 12 53 8 38
6
4 38 8 51 13 37
6
4 37 13 61 15 36
6
4 36 15 55 9 34
6
5 40 14 59 11 42
6
5 42 11 56 10 44
6
5 44 10 57 17 43
6
5 43 17 49 7 41
6
5 41 7 48 14 40
6
6 47 9 55 15 46
6
6 46 15 61 13 45
6
7 49 17 63 16 50
6
11 59 14 62 18 60
