37
6
1 23 15 77 16 24
6
1 24 16 75 14 26
6
1 26 14 49 6 25
6
1 25 6 48 15 23
6
2 30 15 55 8 29
6
2 29 8 53 20 27
6
2 27 20 51 7 28
12
2 28 7 50 21 73 13 42 5 44 16 31
6
2 31 16 77 15 30
6
3 32 7 52 18 36
6
3 36 18 67 11 35
6
3 35 11 66 12 34
6
3 34 12 68 21 33
6
3 33 21 50 7 32
6
4 37 20 63 10 39
6
4 39 10 65 18 40
6
4 40 18 52 7 38
6
4 38 7 51 20 37
6
5 41 17 76 14 43
6
5 43 14 75 16 44
6
5 42 13 71 17 41
6
6 45 10 54 8 47
6
6 47 8 55 15 48
6
6 49 14 76 17 46
6
6 46 17 61 10 45
6
8 54 10 63 20 53
6
9 59 12 66 11 58
6
9 58 11 64 10 56
6
9 56 10 62 22 57
6
9 57 22 79 19 60
6
9 60 19 70 12 59
6
10 64 11 67 18 65
6
10 61 17 78 22 62
6
12 70 19 74 13 69
6
12 69 13 73 21 68
6
13 74 19 79 22 72
6
13 72 22 78 17 71
