35
12
1 22 19 72 16 62 10 45 6 48 8 26
6
1 26 8 54 17 25
6
1 25 17 67 13 24
6
1 24 13 28 2 23
6
1 23 2 27 19 22
6
2 28 13 65 12 29
6
2 29 12 33 3 30
6
2 30 3 31 19 27
6
3 33 12 37 4 34
6
3 34 4 38 11 35
6
3 35 11 59 9 32
6
3 32 9 55 19 31
6
4 36 5 43 11 38
6
4 37 12 40 5 36
6
5 39 15 71 21 41
6
5 41 21 51 7 42
6
5 42 7 53 11 43
6
5 40 12 64 15 39
6
6 45 10 60 15 44
6
6 44 15 64 12 46
6
6 46 12 66 17 47
6
6 47 17 54 8 48
6
7 51 21 75 18 50
6
7 50 18 70 14 49
6
7 49 14 68 20 52
6
7 52 20 63 11 53
6
9 59 11 63 20 58
6
9 58 20 68 14 57
6
9 57 14 69 16 56
6
9 56 16 72 19 55
6
10 62 16 73 21 61
6
10 61 21 71 15 60
6
12 65 13 67 17 66
6
14 70 18 74 16 69
6
16 74 18 75 21 73
