32
6
1 22 9 56 10 23
18
1 23 10 38 4 40 14 50 7 30 2 27 6 48 19 60 11 25
6
1 25 11 62 13 24
6
1 24 13 59 9 22
6
2 31 20 68 16 28
6
2 28 16 51 8 29
6
2 29 8 52 21 26
6
2 26 21 46 6 27
6
2 30 7 49 20 31
6
3 35 4 41 15 36
6
3 36 15 45 5 34
6
3 34 5 42 20 32
6
3 32 20 67 14 33
6
3 33 14 40 4 35
6
4 37 9 57 12 39
6
4 39 12 64 15 41
6
4 38 10 56 9 37
6
5 43 16 68 20 42
6
5 45 15 64 12 44
6
5 44 12 63 16 43
6
6 46 21 71 18 47
6
6 47 18 72 19 48
6
7 50 14 67 20 49
6
8 53 18 71 21 52
6
8 51 16 65 13 55
6
8 55 13 66 17 54
6
8 54 17 69 18 53
6
9 59 13 65 16 58
6
9 58 16 63 12 57
6
11 60 19 70 17 61
6
11 61 17 66 13 62
6
17 70 19 72 18 69
