43
6
1 26 25 76 12 28
6
1 28 12 77 17 29
6
1 29 17 78 13 30
12
1 30 13 81 24 65 8 64 22 84 15 27
6
1 27 15 83 25 26
6
2 31 5 51 14 32
6
2 32 14 71 10 35
6
2 35 10 72 15 34
6
2 34 15 84 22 33
6
2 33 22 52 5 31
6
3 40 20 91 23 38
6
3 38 23 82 14 39
6
3 39 14 51 5 42
6
3 42 5 54 9 44
6
3 44 9 69 11 36
6
3 36 11 55 6 37
6
3 37 6 58 7 43
6
3 43 7 60 19 41
6
3 41 19 90 20 40
6
4 47 25 83 15 48
6
4 48 15 72 10 50
6
4 50 10 70 23 49
6
4 49 23 91 20 46
6
4 46 20 74 12 45
6
4 45 12 76 25 47
6
5 53 18 68 9 54
6
5 52 22 88 18 53
6
6 55 11 62 8 56
6
6 56 8 65 24 57
6
6 57 24 59 7 58
6
7 59 24 81 13 61
6
7 61 13 80 19 60
6
8 62 11 73 21 66
6
8 66 21 89 18 63
6
8 63 18 88 22 64
6
9 68 18 89 21 67
6
9 67 21 73 11 69
6
10 71 14 82 23 70
6
12 74 20 85 16 75
6
12 75 16 86 17 77
6
13 78 17 86 16 79
6
13 79 16 87 19 80
6
16 85 20 90 19 87
