38
6
1 24 9 62 22 28
6
1 28 22 64 10 26
6
1 26 10 51 6 27
14
1 27 6 50 15 58 8 49 5 46 19 82 21 25
6
1 25 21 60 9 24
6
2 33 9 63 17 31
6
2 31 17 78 18 30
6
2 30 18 80 23 29
6
2 29 23 73 14 34
6
2 34 14 72 13 35
6
2 35 13 37 3 36
6
2 36 3 38 22 32
6
2 32 22 62 9 33
6
3 37 13 71 16 39
6
3 39 16 76 22 38
6
4 40 15 50 6 41
6
4 41 6 52 16 42
6
4 42 16 71 13 43
6
4 43 13 72 14 44
6
4 44 14 74 15 40
6
5 48 23 80 18 47
6
5 47 18 67 11 45
6
5 45 11 66 19 46
6
5 49 8 59 23 48
6
6 51 10 65 16 52
6
7 54 19 81 20 53
6
7 53 20 77 17 57
6
7 57 17 63 9 56
6
7 56 9 61 12 55
6
7 55 12 70 19 54
6
8 58 15 75 23 59
6
9 60 21 69 12 61
6
10 64 22 76 16 65
6
11 67 18 79 20 68
6
11 68 20 81 19 66
6
12 69 21 82 19 70
6
14 73 23 75 15 74
6
17 77 20 79 18 78
