36
6
1 23 9 47 7 25
6
1 25 7 48 12 26
14
1 26 12 61 11 64 16 74 21 67 13 68 15 24
6
1 24 15 55 9 23
6
2 27 9 31 3 29
6
2 29 3 32 10 30
6
2 30 10 58 22 28
6
2 28 22 56 9 27
6
3 33 18 46 6 34
6
3 34 6 45 10 32
6
3 31 9 57 18 33
6
4 35 22 66 12 37
6
4 37 12 48 7 38
6
4 38 7 47 9 36
6
4 36 9 56 22 35
6
5 41 8 53 10 42
6
5 42 10 45 6 44
6
5 44 6 46 18 43
6
5 43 18 69 13 40
6
5 40 13 67 21 39
6
5 39 21 49 8 41
6
8 52 20 76 19 54
6
8 54 19 59 10 53
6
8 49 21 74 16 50
6
8 50 16 71 14 51
6
8 51 14 70 20 52
6
9 55 15 73 18 57
6
10 59 19 77 22 58
6
11 61 12 65 20 60
6
11 60 20 70 14 62
6
11 62 14 72 17 63
6
11 63 17 75 16 64
6
12 66 22 78 20 65
6
13 69 18 73 15 68
6
14 71 16 75 17 72
6
19 76 20 78 22 77
