34
6
1 22 9 55 17 25
6
1 25 17 47 6 26
6
1 26 6 46 16 24
6
1 24 16 73 21 23
6
1 23 21 56 9 22
6
2 28 9 57 11 30
6
2 30 11 61 20 31
6
2 31 20 72 15 29
6
2 29 15 71 17 27
6
2 27 17 55 9 28
6
3 35 19 38 4 33
6
3 33 4 36 7 32
6
3 32 7 49 13 34
6
3 34 13 67 19 35
14
4 38 19 70 14 69 15 72 20 52 8 54 18 37
6
4 37 18 48 7 36
6
5 41 8 52 20 43
6
5 43 20 61 11 42
6
5 42 11 57 9 39
6
5 39 9 56 21 40
6
5 40 21 51 8 41
6
6 47 17 68 14 45
6
6 45 14 70 19 44
6
6 44 19 74 16 46
6
7 48 18 64 12 50
6
7 50 12 62 13 49
6
8 51 21 59 10 53
6
8 53 10 60 18 54
6
10 59 21 63 12 58
6
10 58 12 64 18 60
6
12 63 21 66 13 62
6
13 66 21 73 16 65
6
13 65 16 74 19 67
6
14 68 17 71 15 69
