38
18
1 25 7 53 15 74 18 79 17 45 5 40 4 38 21 82 19 27
6
1 27 19 83 24 26
6
1 26 24 52 7 25
6
2 28 5 42 10 29
6
2 29 10 56 8 31
6
2 31 8 41 4 30
6
2 30 4 40 5 28
6
3 34 24 73 14 37
6
3 37 14 72 23 36
6
3 36 23 51 6 35
6
3 35 6 47 16 33
6
3 33 16 75 15 32
6
3 32 15 76 24 34
6
4 41 8 55 11 39
6
4 39 11 61 21 38
6
5 43 12 60 10 42
6
5 45 17 80 20 44
6
5 44 20 66 12 43
6
6 46 18 77 16 47
6
6 51 23 54 8 50
6
6 50 8 56 10 49
6
6 49 10 60 12 48
6
6 48 12 65 18 46
6
7 52 24 76 15 53
6
8 54 23 63 11 55
6
9 58 21 61 11 57
6
9 57 11 62 13 59
6
9 59 13 70 21 58
6
11 63 23 69 13 62
6
12 66 20 84 22 64
6
12 64 22 81 18 65
6
13 69 23 72 14 68
6
13 68 14 71 19 67
6
13 67 19 82 21 70
6
14 73 24 83 19 71
6
15 75 16 77 18 74
6
17 79 18 81 22 78
6
17 78 22 84 20 80
