39
6
1 25 13 45 4 28
6
1 28 4 46 8 27
6
1 27 8 59 15 26
6
1 26 15 74 13 25
6
2 29 4 43 7 30
6
2 30 7 58 16 34
6
2 34 16 51 5 31
6
2 31 5 49 21 32
6
2 32 21 77 15 33
6
2 33 15 59 8 35
6
2 35 8 46 4 29
6
3 39 13 73 19 40
6
3 40 19 83 22 37
6
3 37 22 75 14 36
6
3 36 14 64 10 38
6
3 38 10 65 13 39
6
4 44 10 63 18 41
6
4 41 18 70 12 42
6
4 42 12 56 7 43
6
4 45 13 65 10 44
6
5 51 16 61 9 48
6
5 48 9 60 23 47
6
5 47 23 54 6 50
6
5 50 6 55 11 52
6
5 52 11 67 21 49
6
6 54 23 84 20 53
6
6 53 20 66 11 55
6
7 56 12 71 17 57
6
7 57 17 80 16 58
6
9 61 16 79 24 62
16
9 62 24 72 12 70 18 76 14 75 22 85 20 84 23 60
6
10 64 14 76 18 63
6
11 66 20 82 19 69
6
11 69 19 78 15 68
6
11 68 15 77 21 67
6
12 72 24 81 17 71
6
13 74 15 78 19 73
6
16 80 17 81 24 79
6
19 82 20 85 22 83
