32
6
1 22 21 66 13 23
6
1 23 13 67 19 24
6
1 24 19 57 10 25
18
1 25 10 58 14 56 9 49 6 33 3 30 20 26 2 28 21 22
6
2 26 20 71 18 27
6
2 27 18 72 21 28
6
3 33 6 46 12 32
6
3 32 12 64 16 31
6
3 31 16 69 17 29
6
3 29 17 70 20 30
6
4 34 11 55 8 35
6
4 35 8 42 5 38
6
4 38 5 43 10 39
6
4 39 10 57 19 40
6
4 40 19 67 13 37
6
4 37 13 66 21 36
6
4 36 21 61 11 34
6
5 42 8 54 15 41
6
5 41 15 50 7 44
6
5 44 7 52 14 45
6
5 45 14 58 10 43
6
6 47 15 65 12 46
6
6 49 9 51 7 48
6
6 48 7 50 15 47
6
7 51 9 56 14 52
6
8 55 11 59 16 53
6
8 53 16 68 15 54
6
11 60 17 69 16 59
6
11 61 21 72 18 63
6
11 63 18 71 20 62
6
11 62 20 70 17 60
6
12 65 15 68 16 64
