44
6
1 28 27 46 6 29
6
1 29 6 51 17 31
6
1 31 17 41 4 30
6
1 30 4 39 27 28
18
2 34 12 74 23 93 22 35 3 37 11 45 5 43 16 81 15 33
6
2 33 15 58 8 32
6
2 32 8 60 12 34
6
3 36 4 40 11 37
6
3 35 22 38 4 36
6
4 41 17 72 11 40
6
4 38 22 92 27 39
6
5 45 11 71 20 44
6
5 44 20 90 26 42
6
5 42 26 83 16 43
6
6 50 9 66 17 51
6
6 46 27 96 25 47
6
6 47 25 87 18 48
6
6 48 18 75 13 49
6
6 49 13 63 9 50
6
7 52 15 81 16 53
6
7 53 16 84 19 56
6
7 56 19 76 13 54
6
7 54 13 75 18 55
6
7 55 18 88 21 57
6
7 57 21 82 15 52
6
8 58 15 82 21 59
6
8 59 21 91 25 61
6
8 61 25 73 12 60
6
9 64 14 79 20 65
6
9 65 20 86 17 66
6
9 63 13 76 19 62
6
9 62 19 78 14 64
6
10 67 26 80 14 70
6
10 70 14 77 24 69
6
10 69 24 85 16 68
6
10 68 16 83 26 67
6
11 72 17 86 20 71
6
12 73 25 94 23 74
6
14 80 26 90 20 79
6
14 78 19 89 24 77
6
16 85 24 89 19 84
6
18 87 25 91 21 88
6
22 93 23 95 27 92
6
23 94 25 96 27 95
