40
6
1 25 17 42 4 26
6
1 26 4 41 24 28
6
1 28 24 80 16 29
6
1 29 16 57 9 27
6
1 27 9 58 17 25
6
2 33 17 61 10 32
6
2 32 10 59 12 30
6
2 30 12 53 8 31
14
2 31 8 55 21 37 3 34 6 39 4 42 17 33
6
3 36 7 49 15 35
6
3 35 15 47 6 34
6
3 37 21 48 7 36
6
4 39 6 46 13 38
6
4 38 13 71 19 40
6
4 40 19 84 24 41
6
5 44 13 46 6 43
6
5 43 6 47 15 45
6
5 45 15 72 13 44
6
7 50 20 76 15 49
6
7 48 21 86 22 51
6
7 51 22 83 18 52
6
7 52 18 82 20 50
6
8 53 12 70 14 54
6
8 54 14 73 21 55
6
9 56 23 81 17 58
6
9 57 16 78 23 56
6
10 60 23 69 12 59
6
10 61 17 81 23 60
6
11 67 14 70 12 64
6
11 64 12 69 23 63
6
11 63 23 85 20 62
6
11 62 20 82 18 68
6
11 68 18 83 22 65
6
11 65 22 86 21 66
6
11 66 21 73 14 67
6
13 72 15 77 19 71
6
15 76 20 85 23 74
6
15 74 23 78 16 75
6
15 75 16 79 19 77
6
16 80 24 84 19 79
