32
6
1 21 11 50 7 22
14
1 22 7 51 16 67 19 65 15 66 17 56 9 24
6
1 24 9 54 12 23
6
1 23 12 52 8 25
6
1 25 8 47 6 26
6
1 26 6 46 11 21
6
2 27 16 68 18 30
6
2 30 18 59 10 29
6
2 29 10 58 19 28
6
2 28 19 67 16 27
6
3 31 11 46 6 34
6
3 34 6 49 18 33
6
3 33 18 38 4 32
6
3 32 4 37 11 31
6
4 38 18 68 16 35
6
4 35 16 51 7 36
6
4 36 7 50 11 37
6
5 39 10 59 18 41
6
5 41 18 61 13 44
6
5 44 13 53 8 45
6
5 45 8 52 12 43
6
5 43 12 60 14 42
6
5 42 14 62 20 40
6
5 40 20 57 10 39
6
6 47 8 53 13 48
6
6 48 13 61 18 49
6
9 55 14 60 12 54
6
9 56 17 63 14 55
6
10 57 20 70 19 58
6
14 63 17 69 20 62
6
15 65 19 70 20 64
6
15 64 20 69 17 66
