45
6
1 29 3 42 20 32
6
1 32 20 62 8 33
6
1 33 8 63 16 34
6
1 34 16 83 13 35
6
1 35 13 61 7 31
6
1 31 7 59 27 30
6
1 30 27 40 3 29
6
2 39 6 56 18 38
6
2 38 18 67 9 36
6
2 36 9 69 12 37
6
2 37 12 55 6 39
6
3 40 27 92 18 41
20
3 41 18 56 6 54 24 78 11 49 5 52 14 84 21 64 8 66 15 43
6
3 43 15 86 20 42
6
4 47 17 90 19 45
6
4 45 19 79 11 44
6
4 44 11 77 28 46
6
4 46 28 80 12 48
6
4 48 12 81 17 47
6
5 49 11 79 19 50
6
5 50 19 95 26 51
6
5 51 26 85 14 52
6
6 53 28 98 24 54
6
6 55 12 80 28 53
6
7 61 13 82 23 58
6
7 58 23 91 17 57
6
7 57 17 70 9 60
6
7 60 9 68 27 59
6
8 64 21 88 16 63
6
8 62 20 96 22 65
6
8 65 22 87 15 66
6
9 67 18 92 27 68
6
9 70 17 81 12 69
6
10 75 23 89 16 73
6
10 73 16 88 21 71
6
10 71 21 84 14 72
6
10 72 14 85 26 76
6
10 76 26 99 25 74
6
10 74 25 97 23 75
6
11 78 24 98 28 77
6
13 83 16 89 23 82
6
15 87 22 96 20 86
6
17 91 23 93 19 90
6
19 93 23 97 25 94
6
19 94 25 99 26 95
