43
20
1 28 12 76 15 83 27 95 26 74 11 54 5 51 25 66 8 64 21 31
6
1 31 21 91 20 30
6
1 30 20 84 16 29
6
1 29 16 75 12 28
6
2 34 6 56 26 32
6
2 32 26 95 27 33
6
2 33 27 94 24 35
6
2 35 24 81 14 36
6
2 36 14 57 6 34
6
3 40 4 46 16 41
6
3 41 16 84 20 42
6
3 42 20 79 13 39
6
3 39 13 77 23 38
6
3 38 23 86 18 37
6
3 37 18 43 4 40
6
4 44 10 72 16 46
6
4 43 18 55 6 47
6
4 47 6 57 14 49
6
4 49 14 81 24 48
6
4 48 24 82 15 45
6
4 45 15 71 10 44
6
5 54 11 73 22 53
6
5 53 22 92 23 52
6
5 52 23 67 9 50
6
5 50 9 69 25 51
6
6 55 18 88 26 56
6
7 58 9 63 8 60
6
7 60 8 65 17 61
6
7 61 17 85 25 59
6
7 59 25 69 9 58
6
8 66 25 85 17 65
6
8 63 9 68 19 62
6
8 62 19 90 21 64
6
9 67 23 89 19 68
6
10 70 12 75 16 72
6
10 71 15 76 12 70
6
11 74 26 93 22 73
6
13 78 19 89 23 77
6
13 79 20 91 21 80
6
13 80 21 90 19 78
6
15 82 24 94 27 83
6
18 86 23 92 22 87
6
18 87 22 93 26 88
