19
12
0 23 24 25 8 86 87 88 13 16 15 14
12
0 20 21 22 4 59 60 61 8 25 24 23
12
0 17 18 19 11 55 54 53 4 22 21 20
12
0 14 15 16 13 100 99 98 11 19 18 17
12
1 29 30 31 3 47 48 49 5 28 27 26
12
1 35 36 37 9 52 51 50 3 31 30 29
12
1 32 33 34 8 89 90 91 9 37 36 35
12
1 26 27 28 5 68 69 70 8 34 33 32
12
2 41 42 43 5 49 48 47 3 40 39 38
12
2 44 45 46 10 64 63 62 5 43 42 41
32
2 38 39 40 3 50 51 52 9 92 93 94 11 101 102 103 12 79 78 77 6 74 75 76 7 83 84 85 10 46 45 44
12
4 56 57 58 9 91 90 89 8 61 60 59
12
4 53 54 55 11 94 93 92 9 58 57 56
12
5 62 63 64 10 95 96 97 13 67 66 65
12
5 65 66 67 13 88 87 86 8 70 69 68
12
6 71 72 73 13 82 81 80 7 76 75 74
12
6 77 78 79 12 104 105 106 13 73 72 71
12
7 80 81 82 13 97 96 95 10 85 84 83
12
11 98 99 100 13 106 105 104 12 103 102 101
