16
12
0 17 18 19 2 35 36 37 3 13 12 11
12
0 23 24 25 1 32 33 34 2 19 18 17
12
0 20 21 22 10 31 30 29 1 25 24 23
12
0 14 15 16 9 83 84 85 10 22 21 20
12
0 11 12 13 3 53 54 55 9 16 15 14
12
1 26 27 28 4 46 45 44 2 34 33 32
12
1 29 30 31 10 58 57 56 4 28 27 26
12
2 38 39 40 8 49 48 47 3 37 36 35
12
2 41 42 43 6 71 72 73 8 40 39 38
12
2 44 45 46 4 62 63 64 6 43 42 41
20
3 50 51 52 5 68 69 70 7 80 81 82 10 85 84 83 9 55 54 53
12
3 47 48 49 8 67 66 65 5 52 51 50
12
4 56 57 58 10 82 81 80 7 61 60 59
12
4 59 60 61 7 76 75 74 6 64 63 62
12
5 65 66 67 8 79 78 77 7 70 69 68
12
6 74 75 76 7 77 78 79 8 73 72 71
