20
12
0 16 17 18 12 78 77 76 5 15 14 13
12
0 22 23 24 4 64 65 66 12 18 17 16
12
0 25 26 27 7 69 68 67 4 24 23 22
12
0 19 20 21 6 91 92 93 7 27 26 25
12
0 13 14 15 5 79 80 81 6 21 20 19
12
1 31 32 33 2 46 47 48 3 30 29 28
12
1 37 38 39 11 51 50 49 2 33 32 31
12
1 40 41 42 6 88 89 90 11 39 38 37
12
1 43 44 45 7 93 92 91 6 42 41 40
12
1 34 35 36 4 67 68 69 7 45 44 43
12
1 28 29 30 3 61 62 63 4 36 35 34
12
2 49 50 51 11 99 98 97 8 54 53 52
20
2 52 53 54 8 94 95 96 10 102 101 100 9 60 59 58 3 48 47 46
12
3 55 56 57 12 66 65 64 4 63 62 61
12
3 58 59 60 9 103 104 105 12 57 56 55
12
5 70 71 72 9 100 101 102 10 75 74 73
12
5 76 77 78 12 105 104 103 9 72 71 70
12
5 73 74 75 10 87 86 85 6 81 80 79
12
6 82 83 84 8 97 98 99 11 90 89 88
12
6 85 86 87 10 96 95 94 8 84 83 82
