13
12
0 22 23 24 3 46 47 48 9 12 11 10
12
0 16 17 18 8 51 50 49 3 24 23 22
12
0 19 20 21 1 25 26 27 8 18 17 16
24
0 13 14 15 6 57 56 55 4 61 62 63 5 45 44 43 2 30 29 28 1 21 20 19
12
0 10 11 12 9 69 68 67 6 15 14 13
12
1 28 29 30 2 31 32 33 8 27 26 25
12
2 40 41 42 7 70 71 72 9 36 35 34
12
2 37 38 39 3 49 50 51 8 33 32 31
12
2 43 44 45 5 64 65 66 7 42 41 40
12
2 34 35 36 9 48 47 46 3 39 38 37
12
4 55 56 57 6 67 68 69 9 54 53 52
12
4 52 53 54 9 72 71 70 7 60 59 58
12
4 58 59 60 7 66 65 64 5 63 62 61
