18
12
1 13 14 15 2 31 32 33 9 18 17 16
12
1 16 17 18 9 91 92 93 10 21 20 19
12
1 19 20 21 10 90 89 88 8 24 23 22
20
1 22 23 24 8 51 50 49 4 55 56 57 11 30 29 28 2 15 14 13
12
2 28 29 30 11 81 80 79 7 27 26 25
12
2 25 26 27 7 82 83 84 9 33 32 31
12
3 43 44 45 5 58 59 60 6 42 41 40
12
3 40 41 42 6 54 53 52 4 39 38 37
12
3 37 38 39 4 46 47 48 12 36 35 34
12
3 34 35 36 12 66 65 64 5 45 44 43
12
4 52 53 54 6 73 74 75 11 57 56 55
12
4 49 50 51 8 85 86 87 12 48 47 46
12
5 61 62 63 7 78 77 76 6 60 59 58
12
5 64 65 66 12 96 95 94 10 69 68 67
12
5 67 68 69 10 93 92 91 9 72 71 70
12
5 70 71 72 9 84 83 82 7 63 62 61
12
6 76 77 78 7 79 80 81 11 75 74 73
12
8 88 89 90 10 94 95 96 12 87 86 85
