15
12
1 12 13 14 4 47 46 45 3 20 19 18
12
1 18 19 20 3 39 40 41 10 23 22 21
12
1 21 22 23 10 80 79 78 8 26 25 24
16
1 24 25 26 8 81 82 83 9 35 34 33 2 17 16 15
12
1 15 16 17 2 27 28 29 4 14 13 12
12
2 33 34 35 9 83 82 81 8 38 37 36
20
2 36 37 38 8 77 76 75 7 72 73 74 11 62 61 60 5 32 31 30
12
2 30 31 32 5 53 52 51 4 29 28 27
12
3 48 49 50 6 66 67 68 7 44 43 42
12
3 42 43 44 7 69 70 71 10 41 40 39
12
3 45 46 47 4 54 55 56 6 50 49 48
12
4 51 52 53 5 57 58 59 6 56 55 54
12
5 60 61 62 11 65 64 63 6 59 58 57
12
6 63 64 65 11 74 73 72 7 68 67 66
12
7 75 76 77 8 78 79 80 10 71 70 69
