14
12
1 11 12 13 6 62 63 64 8 19 18 17
12
1 17 18 19 8 58 57 56 5 22 21 20
12
1 20 21 22 5 28 27 26 2 25 24 23
12
1 23 24 25 2 32 33 34 4 16 15 14
12
1 14 15 16 4 41 42 43 6 13 12 11
12
2 26 27 28 5 50 51 52 10 31 30 29
12
2 29 30 31 10 49 48 47 4 34 33 32
16
3 35 36 37 10 52 51 50 5 53 54 55 7 40 39 38
12
3 38 39 40 7 71 72 73 10 37 36 35
16
4 47 48 49 10 73 72 71 7 65 66 67 9 46 45 44
12
4 44 45 46 9 61 60 59 6 43 42 41
12
5 56 57 58 8 70 69 68 7 55 54 53
12
6 59 60 61 9 76 75 74 8 64 63 62
12
7 68 69 70 8 74 75 76 9 67 66 65
