15
12
1 11 12 13 2 29 30 31 10 22 21 20
12
1 20 21 22 10 67 66 65 7 19 18 17
16
1 17 18 19 7 58 57 56 5 49 48 47 4 16 15 14
12
1 14 15 16 4 25 24 23 2 13 12 11
12
2 23 24 25 4 47 48 49 5 28 27 26
12
2 26 27 28 5 50 51 52 9 37 36 35
12
2 35 36 37 9 61 60 59 6 34 33 32
12
2 32 33 34 6 43 42 41 3 40 39 38
12
2 38 39 40 3 44 45 46 10 31 30 29
12
3 41 42 43 6 62 63 64 10 46 45 44
12
5 56 57 58 7 71 72 73 8 55 54 53
12
5 53 54 55 8 74 75 76 9 52 51 50
12
6 59 60 61 9 77 78 79 10 64 63 62
12
7 65 66 67 10 79 78 77 9 70 69 68
12
7 68 69 70 9 76 75 74 8 73 72 71
