15
12
1 11 12 13 5 59 60 61 7 16 15 14
12
1 14 15 16 7 74 75 76 9 22 21 20
12
1 20 21 22 9 34 33 32 2 19 18 17
12
1 17 18 19 2 23 24 25 5 13 12 11
12
2 32 33 34 9 67 66 65 6 37 36 35
12
2 35 36 37 6 58 57 56 4 31 30 29
12
2 29 30 31 4 53 54 55 10 28 27 26
12
2 26 27 28 10 64 63 62 5 25 24 23
12
3 38 39 40 8 70 69 68 6 49 48 47
12
3 47 48 49 6 65 66 67 9 46 45 44
12
3 44 45 46 9 76 75 74 7 43 42 41
12
3 41 42 43 7 71 72 73 8 40 39 38
12
4 56 57 58 6 68 69 70 8 52 51 50
12
4 50 51 52 8 77 78 79 10 55 54 53
16
5 62 63 64 10 79 78 77 8 73 72 71 7 61 60 59
