14
12
1 11 12 13 4 47 48 49 5 16 15 14
20
1 14 15 16 5 50 51 52 10 40 39 38 3 34 33 32 2 19 18 17
12
1 17 18 19 2 23 24 25 4 13 12 11
12
2 32 33 34 3 41 42 43 6 31 30 29
12
2 29 30 31 6 59 60 61 9 28 27 26
12
2 26 27 28 9 70 69 68 7 22 21 20
12
2 20 21 22 7 46 45 44 4 25 24 23
12
3 38 39 40 10 73 72 71 8 37 36 35
12
3 35 36 37 8 58 57 56 6 43 42 41
12
4 44 45 46 7 55 54 53 5 49 48 47
12
5 53 54 55 7 62 63 64 10 52 51 50
12
6 56 57 58 8 74 75 76 9 61 60 59
12
7 68 69 70 9 76 75 74 8 67 66 65
12
7 65 66 67 8 71 72 73 10 64 63 62
