14
12
1 11 12 13 3 35 36 37 9 19 18 17
16
1 17 18 19 9 76 75 74 8 28 27 26 2 16 15 14
12
1 14 15 16 2 20 21 22 3 13 12 11
12
2 26 27 28 8 73 72 71 7 31 30 29
12
2 29 30 31 7 67 66 65 6 34 33 32
12
2 32 33 34 6 62 63 64 10 25 24 23
12
2 23 24 25 10 43 42 41 3 22 21 20
12
3 41 42 43 10 58 57 56 5 40 39 38
12
3 38 39 40 5 50 51 52 9 37 36 35
16
4 44 45 46 9 52 51 50 5 53 54 55 8 49 48 47
12
4 47 48 49 8 74 75 76 9 46 45 44
12
5 56 57 58 10 70 69 68 7 61 60 59
12
5 59 60 61 7 71 72 73 8 55 54 53
12
6 65 66 67 7 68 69 70 10 64 63 62
