14
12
1 11 12 13 6 65 66 67 10 19 18 17
12
1 17 18 19 10 64 63 62 5 25 24 23
12
1 23 24 25 5 59 60 61 9 22 21 20
12
1 20 21 22 9 31 30 29 2 16 15 14
12
1 14 15 16 2 26 27 28 6 13 12 11
20
2 29 30 31 9 73 72 71 7 74 75 76 8 70 69 68 6 28 27 26
12
3 38 39 40 4 50 51 52 6 43 42 41
12
3 41 42 43 6 68 69 70 8 37 36 35
12
3 35 36 37 8 76 75 74 7 34 33 32
12
3 32 33 34 7 46 45 44 4 40 39 38
12
4 47 48 49 9 61 60 59 5 58 57 56
12
4 56 57 58 5 62 63 64 10 55 54 53
12
4 53 54 55 10 67 66 65 6 52 51 50
12
4 44 45 46 7 71 72 73 9 49 48 47
