16
12
1 12 13 14 5 63 64 65 7 20 19 18
12
1 18 19 20 7 53 52 51 4 23 22 21
20
1 21 22 23 4 57 58 59 8 75 76 77 9 81 82 83 10 17 16 15
12
1 15 16 17 10 62 61 60 5 14 13 12
12
2 33 34 35 5 60 61 62 10 29 28 27
12
2 27 28 29 10 84 85 86 11 26 25 24
12
2 24 25 26 11 41 40 39 3 32 31 30
12
2 30 31 32 3 42 43 44 5 35 34 33
12
3 39 40 41 11 74 73 72 6 38 37 36
12
3 36 37 38 6 56 55 54 4 50 49 48
12
3 48 49 50 4 51 52 53 7 47 46 45
12
3 45 46 47 7 65 64 63 5 44 43 42
12
4 54 55 56 6 69 70 71 8 59 58 57
12
6 72 73 74 11 80 79 78 9 68 67 66
12
6 66 67 68 9 77 76 75 8 71 70 69
12
9 78 79 80 11 86 85 84 10 83 82 81
