18
12
1 13 14 15 4 49 50 51 5 24 23 22
12
1 22 23 24 5 30 29 28 2 21 20 19
12
1 19 20 21 2 31 32 33 9 27 26 25
12
1 25 26 27 9 88 89 90 12 18 17 16
12
1 16 17 18 12 54 53 52 4 15 14 13
20
2 28 29 30 5 58 59 60 10 81 80 79 7 42 41 40 3 36 35 34
12
2 34 35 36 3 37 38 39 9 33 32 31
12
3 40 41 42 7 82 83 84 8 45 44 43
12
3 43 44 45 8 85 86 87 9 39 38 37
12
4 52 53 54 12 96 95 94 11 57 56 55
12
4 55 56 57 11 93 92 91 10 48 47 46
12
4 46 47 48 10 60 59 58 5 51 50 49
12
6 61 62 63 7 79 80 81 10 66 65 64
12
6 64 65 66 10 91 92 93 11 72 71 70
12
6 70 71 72 11 94 95 96 12 69 68 67
12
6 67 68 69 12 78 77 76 7 63 62 61
12
7 76 77 78 12 90 89 88 9 75 74 73
12
7 73 74 75 9 87 86 85 8 84 83 82
