13
12
1 11 12 13 7 55 54 53 5 16 15 14
20
1 14 15 16 5 31 30 29 3 35 36 37 4 41 42 43 7 13 12 11
12
2 17 18 19 10 52 51 50 5 25 24 23
16
2 23 24 25 5 40 39 38 4 47 48 49 8 22 21 20
12
2 20 21 22 8 65 66 67 10 19 18 17
12
3 29 30 31 5 50 51 52 10 28 27 26
12
3 26 27 28 10 73 72 71 9 34 33 32
12
3 32 33 34 9 46 45 44 4 37 36 35
12
4 44 45 46 9 70 69 68 8 49 48 47
12
4 38 39 40 5 53 54 55 7 43 42 41
12
6 59 60 61 8 68 69 70 9 64 63 62
12
6 62 63 64 9 71 72 73 10 58 57 56
12
6 56 57 58 10 67 66 65 8 61 60 59
