16
12
1 12 13 14 11 83 82 81 9 20 19 18
12
1 18 19 20 9 47 46 45 3 26 25 24
12
1 24 25 26 3 38 37 36 2 23 22 21
12
1 21 22 23 2 27 28 29 4 17 16 15
12
1 15 16 17 4 48 49 50 11 14 13 12
12
2 36 37 38 3 39 40 41 7 35 34 33
12
2 33 34 35 7 62 61 60 5 32 31 30
12
2 30 31 32 5 53 52 51 4 29 28 27
12
3 45 46 47 9 80 79 78 8 44 43 42
12
3 42 43 44 8 77 76 75 7 41 40 39
12
4 51 52 53 5 54 55 56 11 50 49 48
20
5 60 61 62 7 75 76 77 8 74 73 72 6 63 64 65 10 59 58 57
12
5 57 58 59 10 84 85 86 11 56 55 54
12
6 72 73 74 8 78 79 80 9 71 70 69
12
6 69 70 71 9 81 82 83 11 68 67 66
12
6 66 67 68 11 86 85 84 10 65 64 63
