14
12
1 11 12 13 9 73 72 71 7 16 15 14
12
1 14 15 16 7 46 45 44 3 19 18 17
12
1 17 18 19 3 38 39 40 6 22 21 20
12
1 20 21 22 6 37 36 35 2 25 24 23
12
1 23 24 25 2 26 27 28 9 13 12 11
12
2 35 36 37 6 64 63 62 5 34 33 32
12
2 32 33 34 5 55 54 53 4 31 30 29
12
2 29 30 31 4 56 57 58 9 28 27 26
20
3 44 45 46 7 71 72 73 9 58 57 56 4 50 51 52 10 43 42 41
12
3 41 42 43 10 67 66 65 6 40 39 38
12
4 53 54 55 5 59 60 61 8 49 48 47
12
4 47 48 49 8 74 75 76 10 52 51 50
12
5 62 63 64 6 68 69 70 8 61 60 59
12
6 65 66 67 10 76 75 74 8 70 69 68
