16
20
1 12 13 14 10 80 79 78 8 81 82 83 11 62 61 60 5 23 22 21
12
1 21 22 23 5 57 58 59 7 20 19 18
12
1 18 19 20 7 72 73 74 9 17 16 15
12
1 15 16 17 9 84 85 86 10 14 13 12
12
2 24 25 26 3 42 43 44 6 32 31 30
12
2 30 31 32 6 63 64 65 9 29 28 27
12
2 27 28 29 9 41 40 39 3 26 25 24
12
3 36 37 38 11 68 67 66 6 44 43 42
12
3 39 40 41 9 74 73 72 7 35 34 33
12
3 33 34 35 7 69 70 71 11 38 37 36
12
4 45 46 47 8 75 76 77 9 53 52 51
12
4 51 52 53 9 65 64 63 6 56 55 54
12
4 54 55 56 6 66 67 68 11 50 49 48
12
4 48 49 50 11 83 82 81 8 47 46 45
12
5 60 61 62 11 71 70 69 7 59 58 57
12
8 78 79 80 10 86 85 84 9 77 76 75
