14
12
1 11 12 13 10 76 75 74 9 22 21 20
20
1 20 21 22 9 73 72 71 8 34 33 32 3 41 42 43 7 19 18 17
12
1 17 18 19 7 28 27 26 2 16 15 14
12
1 14 15 16 2 29 30 31 10 13 12 11
12
2 26 27 28 7 46 45 44 4 25 24 23
12
2 23 24 25 4 47 48 49 10 31 30 29
12
3 38 39 40 4 44 45 46 7 43 42 41
12
3 32 33 34 8 68 69 70 10 37 36 35
12
3 35 36 37 10 49 48 47 4 40 39 38
12
5 53 54 55 8 71 72 73 9 52 51 50
12
5 50 51 52 9 67 66 65 6 58 57 56
12
5 56 57 58 6 62 63 64 8 55 54 53
12
6 65 66 67 9 74 75 76 10 61 60 59
12
6 59 60 61 10 70 69 68 8 64 63 62
