16
12
1 12 13 14 10 74 73 72 7 17 16 15
20
1 15 16 17 7 75 76 77 9 41 40 39 3 45 46 47 4 23 22 21
12
1 21 22 23 4 48 49 50 6 20 19 18
12
1 18 19 20 6 63 64 65 10 14 13 12
12
2 24 25 26 10 80 79 78 8 32 31 30
12
2 30 31 32 8 62 61 60 5 38 37 36
12
2 36 37 38 5 44 43 42 3 35 34 33
12
2 33 34 35 3 39 40 41 9 29 28 27
12
2 27 28 29 9 84 85 86 10 26 25 24
12
3 42 43 44 5 53 52 51 4 47 46 45
12
4 51 52 53 5 60 61 62 8 56 55 54
12
4 54 55 56 8 81 82 83 11 59 58 57
12
4 57 58 59 11 71 70 69 6 50 49 48
12
6 69 70 71 11 83 82 81 8 68 67 66
12
6 66 67 68 8 78 79 80 10 65 64 63
12
7 72 73 74 10 86 85 84 9 77 76 75
