14
12
1 11 12 13 8 74 75 76 10 19 18 17
12
1 17 18 19 10 70 69 68 7 22 21 20
12
1 20 21 22 7 49 48 47 4 25 24 23
12
1 23 24 25 4 40 39 38 3 16 15 14
12
1 14 15 16 3 35 36 37 8 13 12 11
12
2 26 27 28 6 59 60 61 10 31 30 29
20
2 29 30 31 10 76 75 74 8 37 36 35 3 44 45 46 5 34 33 32
12
2 32 33 34 5 53 54 55 6 28 27 26
12
3 38 39 40 4 50 51 52 9 43 42 41
12
3 41 42 43 9 58 57 56 5 46 45 44
12
4 47 48 49 7 71 72 73 9 52 51 50
12
5 56 57 58 9 67 66 65 6 55 54 53
12
6 62 63 64 7 68 69 70 10 61 60 59
12
6 65 66 67 9 73 72 71 7 64 63 62
