14
12
1 11 12 13 7 43 42 41 4 25 24 23
12
1 23 24 25 4 47 48 49 5 19 18 17
12
1 17 18 19 5 50 51 52 8 22 21 20
20
1 20 21 22 8 34 33 32 3 38 39 40 9 31 30 29 2 16 15 14
12
1 14 15 16 2 26 27 28 7 13 12 11
12
2 29 30 31 9 67 66 65 7 28 27 26
12
3 32 33 34 8 58 57 56 6 37 36 35
12
3 35 36 37 6 62 63 64 9 40 39 38
12
4 41 42 43 7 68 69 70 10 46 45 44
12
4 44 45 46 10 55 54 53 5 49 48 47
12
5 53 54 55 10 73 72 71 8 52 51 50
12
6 59 60 61 10 76 75 74 9 64 63 62
12
6 56 57 58 8 71 72 73 10 61 60 59
12
7 65 66 67 9 74 75 76 10 70 69 68
