15
12
1 11 12 13 4 41 42 43 6 22 21 20
12
1 20 21 22 6 65 66 67 8 19 18 17
12
1 17 18 19 8 37 36 35 3 16 15 14
12
1 14 15 16 3 38 39 40 4 13 12 11
12
2 26 27 28 3 35 36 37 8 25 24 23
12
2 23 24 25 8 74 75 76 10 31 30 29
12
2 29 30 31 10 79 78 77 9 34 33 32
16
2 32 33 34 9 49 48 47 4 40 39 38 3 28 27 26
12
4 47 48 49 9 73 72 71 7 46 45 44
12
4 44 45 46 7 70 69 68 6 43 42 41
12
5 53 54 55 8 67 66 65 6 52 51 50
12
5 50 51 52 6 68 69 70 7 61 60 59
12
5 59 60 61 7 71 72 73 9 64 63 62
12
5 62 63 64 9 77 78 79 10 58 57 56
12
5 56 57 58 10 76 75 74 8 55 54 53
