19
12
1 13 14 15 4 55 56 57 7 18 17 16
12
1 16 17 18 7 88 89 90 11 27 26 25
12
1 25 26 27 11 99 98 97 10 24 23 22
12
1 22 23 24 10 54 53 52 3 21 20 19
12
1 19 20 21 3 43 44 45 4 15 14 13
12
2 28 29 30 4 45 44 43 3 36 35 34
12
2 34 35 36 3 46 47 48 12 39 38 37
12
2 37 38 39 12 72 71 70 5 42 41 40
12
2 40 41 42 5 58 59 60 7 33 32 31
12
2 31 32 33 7 57 56 55 4 30 29 28
12
3 49 50 51 8 91 92 93 12 48 47 46
16
3 52 53 54 10 84 83 82 6 76 77 78 8 51 50 49
12
5 70 71 72 12 93 92 91 8 69 68 67
12
5 67 68 69 8 78 77 76 6 66 65 64
12
5 64 65 66 6 73 74 75 9 63 62 61
12
5 61 62 63 9 87 86 85 7 60 59 58
12
6 82 83 84 10 97 98 99 11 81 80 79
12
6 79 80 81 11 96 95 94 9 75 74 73
12
7 85 86 87 9 94 95 96 11 90 89 88
