15
12
1 11 12 13 7 74 75 76 8 19 18 17
12
1 17 18 19 8 61 60 59 4 25 24 23
12
1 23 24 25 4 53 54 55 10 22 21 20
12
1 20 21 22 10 79 78 77 9 16 15 14
12
1 14 15 16 9 73 72 71 7 13 12 11
12
2 35 36 37 7 71 72 73 9 40 39 38
16
2 38 39 40 9 77 78 79 10 64 63 62 5 31 30 29
12
2 29 30 31 5 46 45 44 3 28 27 26
12
2 26 27 28 3 47 48 49 8 34 33 32
12
2 32 33 34 8 76 75 74 7 37 36 35
12
3 44 45 46 5 65 66 67 6 43 42 41
12
3 41 42 43 6 68 69 70 8 49 48 47
12
4 56 57 58 6 67 66 65 5 52 51 50
12
4 50 51 52 5 62 63 64 10 55 54 53
12
4 59 60 61 8 70 69 68 6 58 57 56
