14
12
1 11 12 13 10 49 48 47 4 16 15 14
12
1 14 15 16 4 50 51 52 9 19 18 17
12
1 17 18 19 9 74 75 76 10 13 12 11
12
2 29 30 31 10 34 33 32 3 28 27 26
20
2 26 27 28 3 35 36 37 8 61 60 59 5 53 54 55 6 25 24 23
12
2 23 24 25 6 62 63 64 7 22 21 20
12
2 20 21 22 7 65 66 67 10 31 30 29
12
3 32 33 34 10 70 69 68 8 37 36 35
12
4 38 39 40 7 64 63 62 6 43 42 41
12
4 41 42 43 6 55 54 53 5 46 45 44
12
4 44 45 46 5 56 57 58 9 52 51 50
12
4 47 48 49 10 67 66 65 7 40 39 38
12
5 59 60 61 8 71 72 73 9 58 57 56
12
8 68 69 70 10 76 75 74 9 73 72 71
