14
12
1 11 12 13 2 29 30 31 6 19 18 17
12
1 17 18 19 6 71 72 73 8 22 21 20
20
1 20 21 22 8 58 57 56 4 53 54 55 10 76 75 74 7 16 15 14
12
1 14 15 16 7 28 27 26 2 13 12 11
12
2 26 27 28 7 64 63 62 5 25 24 23
12
2 23 24 25 5 65 66 67 9 34 33 32
12
2 32 33 34 9 70 69 68 6 31 30 29
12
3 41 42 43 5 59 60 61 10 40 39 38
12
3 38 39 40 10 55 54 53 4 37 36 35
12
3 35 36 37 4 56 57 58 8 52 51 50
12
3 50 51 52 8 73 72 71 6 49 48 47
12
3 47 48 49 6 68 69 70 9 46 45 44
12
3 44 45 46 9 67 66 65 5 43 42 41
12
5 62 63 64 7 74 75 76 10 61 60 59
