18
12
1 13 14 15 8 72 71 70 6 21 20 19
12
1 19 20 21 6 73 74 75 10 24 23 22
20
1 22 23 24 10 78 77 76 7 82 83 84 9 33 32 31 2 18 17 16
12
1 16 17 18 2 25 26 27 8 15 14 13
12
2 31 32 33 9 91 92 93 12 30 29 28
12
2 28 29 30 12 87 86 85 8 27 26 25
12
3 40 41 42 5 67 68 69 6 39 38 37
12
3 37 38 39 6 70 71 72 8 36 35 34
12
3 34 35 36 8 66 65 64 5 42 41 40
12
4 49 50 51 6 69 68 67 5 57 56 55
12
4 55 56 57 5 61 62 63 11 54 53 52
12
4 52 53 54 11 81 80 79 7 45 44 43
12
4 43 44 45 7 76 77 78 10 48 47 46
12
4 46 47 48 10 75 74 73 6 51 50 49
12
5 58 59 60 12 96 95 94 11 63 62 61
12
5 64 65 66 8 85 86 87 12 60 59 58
12
7 79 80 81 11 90 89 88 9 84 83 82
12
9 88 89 90 11 94 95 96 12 93 92 91
