14
12
1 11 12 13 4 50 51 52 8 22 21 20
12
1 20 21 22 8 74 75 76 10 19 18 17
12
1 17 18 19 10 28 27 26 2 16 15 14
12
1 14 15 16 2 29 30 31 4 13 12 11
12
2 26 27 28 10 58 57 56 6 25 24 23
20
2 23 24 25 6 62 63 64 9 55 54 53 5 49 48 47 4 31 30 29
12
3 44 45 46 8 52 51 50 4 40 39 38
12
3 38 39 40 4 47 48 49 5 34 33 32
12
3 32 33 34 5 53 54 55 9 37 36 35
12
3 35 36 37 9 70 69 68 7 43 42 41
12
3 41 42 43 7 71 72 73 8 46 45 44
12
6 56 57 58 10 76 75 74 8 67 66 65
12
6 65 66 67 8 73 72 71 7 61 60 59
12
6 59 60 61 7 68 69 70 9 64 63 62
