16
12
1 12 13 14 8 78 79 80 10 17 16 15
12
1 15 16 17 10 44 43 42 3 23 22 21
12
1 21 22 23 3 36 37 38 6 20 19 18
12
1 18 19 20 6 72 73 74 8 14 13 12
12
2 30 31 32 6 69 70 71 7 35 34 33
12
2 33 34 35 7 62 61 60 5 26 25 24
12
2 24 25 26 5 59 58 57 4 29 28 27
12
2 27 28 29 4 54 55 56 6 32 31 30
12
3 42 43 44 10 83 82 81 9 47 46 45
12
3 45 46 47 9 84 85 86 11 50 49 48
12
3 48 49 50 11 77 76 75 7 41 40 39
12
3 39 40 41 7 71 70 69 6 38 37 36
20
4 57 58 59 5 63 64 65 11 86 85 84 9 81 82 83 10 53 52 51
12
4 51 52 53 10 68 67 66 6 56 55 54
12
5 60 61 62 7 75 76 77 11 65 64 63
12
6 66 67 68 10 80 79 78 8 74 73 72
