13
12
1 11 12 13 4 50 51 52 6 16 15 14
12
1 14 15 16 6 31 30 29 2 19 18 17
12
1 17 18 19 2 32 33 34 5 22 21 20
12
1 20 21 22 5 53 54 55 9 25 24 23
20
1 23 24 25 9 70 69 68 8 71 72 73 10 49 48 47 4 13 12 11
12
2 29 30 31 6 43 42 41 3 28 27 26
12
2 26 27 28 3 44 45 46 5 34 33 32
12
3 41 42 43 6 56 57 58 8 37 36 35
12
3 35 36 37 8 68 69 70 9 40 39 38
12
3 38 39 40 9 55 54 53 5 46 45 44
12
4 47 48 49 10 61 60 59 6 52 51 50
16
6 59 60 61 10 64 63 62 7 65 66 67 8 58 57 56
12
7 62 63 64 10 73 72 71 8 67 66 65
