14
12
1 11 12 13 9 74 75 76 10 22 21 20
12
1 20 21 22 10 70 69 68 7 19 18 17
20
1 17 18 19 7 67 66 65 6 58 57 56 5 40 39 38 3 16 15 14
12
1 14 15 16 3 35 36 37 9 13 12 11
12
2 29 30 31 9 37 36 35 3 28 27 26
12
2 26 27 28 3 38 39 40 5 25 24 23
12
2 23 24 25 5 59 60 61 8 34 33 32
12
2 32 33 34 8 71 72 73 9 31 30 29
12
4 44 45 46 5 53 54 55 10 43 42 41
12
4 41 42 43 10 76 75 74 9 49 48 47
12
4 47 48 49 9 73 72 71 8 52 51 50
12
4 50 51 52 8 61 60 59 5 46 45 44
12
5 56 57 58 6 62 63 64 10 55 54 53
12
6 65 66 67 7 68 69 70 10 64 63 62
