14
20
1 11 12 13 3 38 39 40 8 64 63 62 6 65 66 67 9 22 21 20
12
1 20 21 22 9 74 75 76 10 19 18 17
12
1 17 18 19 10 70 69 68 7 16 15 14
12
1 14 15 16 7 37 36 35 3 13 12 11
12
2 23 24 25 3 35 36 37 7 34 33 32
12
2 32 33 34 7 68 69 70 10 31 30 29
12
2 29 30 31 10 73 72 71 8 28 27 26
12
2 26 27 28 8 40 39 38 3 25 24 23
12
4 44 45 46 8 71 72 73 10 49 48 47
12
4 47 48 49 10 58 57 56 5 52 51 50
12
4 50 51 52 5 53 54 55 6 43 42 41
12
4 41 42 43 6 62 63 64 8 46 45 44
12
5 56 57 58 10 76 75 74 9 61 60 59
12
5 59 60 61 9 67 66 65 6 55 54 53
