14
12
1 11 12 13 4 59 60 61 5 22 21 20
12
1 20 21 22 5 34 33 32 2 19 18 17
12
1 17 18 19 2 29 30 31 8 16 15 14
12
1 14 15 16 8 58 57 56 4 13 12 11
12
2 23 24 25 3 35 36 37 10 28 27 26
20
2 26 27 28 10 76 75 74 9 64 63 62 6 65 66 67 8 31 30 29
12
2 32 33 34 5 52 51 50 3 25 24 23
12
3 44 45 46 4 53 54 55 6 40 39 38
12
3 38 39 40 6 62 63 64 9 43 42 41
12
3 41 42 43 9 73 72 71 7 49 48 47
12
3 47 48 49 7 68 69 70 10 37 36 35
12
3 50 51 52 5 61 60 59 4 46 45 44
12
4 56 57 58 8 67 66 65 6 55 54 53
12
7 71 72 73 9 74 75 76 10 70 69 68
