16
12
1 12 13 14 11 80 79 78 8 17 16 15
12
1 15 16 17 8 74 73 72 7 26 25 24
12
1 24 25 26 7 75 76 77 10 23 22 21
12
1 21 22 23 10 71 70 69 6 20 19 18
12
1 18 19 20 6 66 67 68 11 14 13 12
12
2 30 31 32 11 68 67 66 6 35 34 33
12
2 33 34 35 6 41 40 39 3 38 37 36
20
2 36 37 38 3 42 43 44 10 47 46 45 4 51 52 53 5 29 28 27
12
2 27 28 29 5 54 55 56 11 32 31 30
12
3 39 40 41 6 69 70 71 10 44 43 42
12
4 45 46 47 10 77 76 75 7 50 49 48
12
4 48 49 50 7 59 58 57 5 53 52 51
12
5 57 58 59 7 72 73 74 8 62 61 60
12
5 60 61 62 8 81 82 83 9 65 64 63
12
5 63 64 65 9 84 85 86 11 56 55 54
12
8 78 79 80 11 86 85 84 9 83 82 81
