18
12
1 13 14 15 6 70 71 72 9 21 20 19
12
1 19 20 21 9 91 92 93 12 27 26 25
12
1 25 26 27 12 51 50 49 3 24 23 22
12
1 22 23 24 3 46 47 48 8 18 17 16
12
1 16 17 18 8 78 77 76 6 15 14 13
12
2 34 35 36 6 73 74 75 7 39 38 37
12
2 37 38 39 7 85 86 87 10 33 32 31
12
2 31 32 33 10 54 53 52 4 30 29 28
12
2 28 29 30 4 55 56 57 6 36 35 34
12
3 43 44 45 10 94 95 96 11 42 41 40
12
3 40 41 42 11 90 89 88 8 48 47 46
20
3 49 50 51 12 66 65 64 5 60 59 58 4 52 53 54 10 45 44 43
12
4 58 59 60 5 67 68 69 6 57 56 55
12
5 64 65 66 12 93 92 91 9 63 62 61
12
5 61 62 63 9 72 71 70 6 69 68 67
12
6 76 77 78 8 81 80 79 7 75 74 73
12
7 82 83 84 11 96 95 94 10 87 86 85
12
7 79 80 81 8 88 89 90 11 84 83 82
