14
12
1 11 12 13 4 53 54 55 10 16 15 14
12
1 14 15 16 10 70 69 68 6 19 18 17
12
1 17 18 19 6 71 72 73 7 28 27 26
12
1 26 27 28 7 67 66 65 5 25 24 23
12
1 23 24 25 5 49 48 47 3 22 21 20
12
1 20 21 22 3 50 51 52 4 13 12 11
12
2 41 42 43 5 65 66 67 7 40 39 38
12
2 38 39 40 7 73 72 71 6 37 36 35
12
2 35 36 37 6 68 69 70 10 31 30 29
12
2 29 30 31 10 76 75 74 8 34 33 32
20
2 32 33 34 8 58 57 56 4 59 60 61 9 64 63 62 5 43 42 41
12
3 47 48 49 5 62 63 64 9 46 45 44
12
3 44 45 46 9 61 60 59 4 52 51 50
12
4 56 57 58 8 74 75 76 10 55 54 53
