14
20
1 11 12 13 8 67 66 65 7 71 72 73 9 64 63 62 6 19 18 17
12
1 17 18 19 6 43 42 41 3 16 15 14
12
1 14 15 16 3 35 36 37 8 13 12 11
12
2 23 24 25 8 37 36 35 3 34 33 32
12
2 32 33 34 3 38 39 40 5 31 30 29
12
2 29 30 31 5 55 54 53 4 28 27 26
12
2 26 27 28 4 50 51 52 7 22 21 20
12
2 20 21 22 7 65 66 67 8 25 24 23
12
3 41 42 43 6 61 60 59 5 40 39 38
12
4 53 54 55 5 59 60 61 6 49 48 47
12
4 47 48 49 6 62 63 64 9 46 45 44
12
4 44 45 46 9 74 75 76 10 58 57 56
12
4 56 57 58 10 70 69 68 7 52 51 50
12
7 68 69 70 10 76 75 74 9 73 72 71
