18
12
0 15 16 4 28 27 1 29 30 5 14 13
9
0 17 18 12 48 47 4 16 15
9
0 19 20 8 65 66 12 18 17
9
0 25 26 2 33 34 8 20 19
9
0 23 24 11 32 31 2 26 25
9
0 21 22 7 63 64 11 24 23
9
0 13 14 5 49 50 7 22 21
9
1 27 28 4 45 46 5 30 29
9
2 31 32 11 44 43 3 36 35
9
2 35 36 3 37 38 8 34 33
9
3 41 42 9 69 70 12 40 39
9
3 43 44 11 68 67 9 42 41
9
3 39 40 12 66 65 8 38 37
18
4 47 48 12 70 69 9 56 55 6 57 58 10 52 51 5 46 45
9
5 51 52 10 62 61 7 50 49
9
6 55 56 9 60 59 7 54 53
9
6 53 54 7 61 62 10 58 57
9
7 59 60 9 67 68 11 64 63
