19
9
0 15 16 4 22 21 1 14 13
18
0 19 20 12 44 43 3 37 38 5 51 52 11 48 47 4 16 15
9
0 17 18 8 67 68 12 20 19
9
0 13 14 1 25 26 8 18 17
9
1 21 22 4 45 46 10 24 23
9
1 23 24 10 66 65 8 26 25
9
2 27 28 7 63 64 9 36 35
9
2 31 32 8 65 66 10 30 29
9
2 33 34 6 55 56 8 32 31
9
2 35 36 9 60 59 6 34 33
9
2 29 30 10 62 61 7 28 27
9
3 41 42 9 64 63 7 40 39
9
3 43 44 12 70 69 9 42 41
9
3 39 40 7 54 53 5 38 37
9
4 47 48 11 72 71 10 46 45
9
5 49 50 10 71 72 11 52 51
9
5 53 54 7 61 62 10 50 49
9
6 57 58 12 68 67 8 56 55
9
6 59 60 9 69 70 12 58 57
